time altitude euler_theta euler_phi xval_tmp yval_tmp xval yval xnav ynav kp ki kd
51,76 1805 0,035986 -0,203096 76 -336 82 -334 94 100 1,8 0,8 5,0
52,04 1842 0,245529 -0,053861 91 -358 92 -350 95 101 1,8 0,8 5,0
52,36 1828 0,633944 0,118240 77 -326 73 -305 94 99 1,8 0,8 5,0
52,73 1834 -0,677331 0,104369 78 -312 74 -333 94 98 1,8 0,8 5,0
53,17 1920 -0,220374 0,090052 81 -373 77 -380 94 101 1,8 0,8 5,0
53,70 1803 0,101554 -0,641335 64 -380 84 -376 93 103 1,8 0,8 5,0
54,02 1763 -0,244991 -0,124885 62 -386 65 -393 93 104 1,8 0,8 5,0
54,34 1760 0,243470 0,383023 62 -442 50 -434 93 108 1,8 0,8 5,0
54,63 1723 -0,411634 0,332119 61 -461 51 -473 93 110 1,8 0,8 5,0
54,99 1666 -0,400132 0,781630 59 -473 36 -484 93 112 1,8 0,8 5,0
55,23 1658 0,103249 0,247660 47 -470 39 -467 92 112 1,8 0,8 5,0
55,60 1711 0,292953 0,308448 36 -499 26 -490 91 113 1,8 0,8 5,0
56,40 1673 0,645825 -0,167133 23 -515 27 -496 90 115 1,8 0,8 5,0
56,81 1654 0,766300 -0,022690 23 -523 23 -500 90 116 1,8 0,8 5,0
57,21 1519 0,357113 0,203436 0 -480 -5 -470 88 116 1,8 0,8 5,0
57,54 1481 0,322093 0,488949 0 -456 -12 -447 88 115 1,8 0,8 5,0
58,55 1439 0,167593 0,325863 -40 -432 -48 -427 84 114 1,8 0,8 5,0
59,15 1406 -0,121426 0,594132 -59 -399 -73 -401 82 112 1,8 0,8 5,0
59,56 1403 0,745942 0,586714 -69 -375 -83 -356 81 110 1,8 0,8 5,0
60,12 1379 0,801293 1,013355 -88 -346 -112 -326 79 108 1,8 0,8 5,0
60,48 1383 0,765805 0,861255 -117 -280 -137 -261 76 102 1,8 0,8 5,0
60,69 1388 0,607308 0,464418 -128 -259 -139 -244 75 100 1,8 0,8 5,0
61,05 1401 0,174627 1,151032 -149 -227 -177 -222 73 97 1,8 0,8 5,0
61,25 1406 0,447210 0,511830 -199 -205 -211 -194 68 95 1,8 0,8 5,0
61,62 1433 0,421127 -0,023807 -234 -220 -233 -209 65 96 1,8 0,8 5,0
61,94 1427 0,772551 -0,105607 -273 -196 -270 -176 61 94 1,8 0,8 5,0
62,22 1422 0,205286 0,055102 -282 -196 -283 -190 60 94 1,8 0,8 5,0
62,75 1424 1,103840 -0,346822 -313 -150 -304 -122 57 90 1,8 0,8 5,0
63,11 1422 0,276844 -0,573789 -313 -138 -298 -131 57 89 1,8 0,8 5,0
63,56 1429 0,856130 -0,193458 -324 -57 -319 -35 56 82 1,8 0,8 5,0
63,96 1423 0,860141 -0,187836 -313 0 -308 21 57 77 1,8 0,8 5,0
64,32 1422 0,953972 -0,985128 -282 57 -257 80 60 72 1,8 0,8 5,0
64,65 1431 0,244141 0,081626 -314 174 -316 180 57 62 1,8 0,8 5,0
65,17 1442 1,414422 -0,530897 -327 292 -313 327 56 52 1,8 0,8 5,0
65,70 1483 0,173286 -0,599726 -284 505 -268 509 61 35 1,8 0,8 5,0
65,98 1486 0,356956 0,483102 -232 566 -244 575 66 30 1,8 0,8 5,0
66,34 1575 0,028191 0,911996 -234 613 -259 613 67 29 1,8 0,8 5,0
66,55 1489 -0,562678 -1,810561 -190 592 -143 577 70 28 1,8 0,8 5,0
66,91 1441 0,015471 -0,587181 -173 573 -158 573 71 28 1,8 0,8 5,0
67,19 1442 -1,126257 -0,397997 -30 585 -19 556 85 27 1,8 0,8 5,0
67,60 1425 -0,760026 -0,077681 20 566 21 547 90 28 1,8 0,8 5,0
68,00 1437 -0,642595 1,219459 61 559 30 542 94 29 1,8 0,8 5,0
68,28 1436 -1,441319 1,224928 61 524 30 488 94 32 1,8 0,8 5,0
68,65 1447 -1,033669 1,500574 41 457 3 430 92 38 1,8 0,8 5,0
68,89 1457 -1,339514 1,973658 31 437 -19 403 91 40 1,8 0,8 5,0
69,21 1489 -1,045978 1,293820 0 374 -33 346 88 46 1,8 0,8 5,0
69,45 1500 -1,545270 1,235401 -21 328 -53 287 86 50 1,8 0,8 5,0
69,86 1525 -1,522469 0,643607 -43 284 -60 243 84 54 1,8 0,8 5,0
70,30 1557 -1,690001 1,949893 -88 151 -141 105 80 65 1,8 0,8 5,0
70,91 1568 -1,858751 1,123270 -144 -25 -174 -75 75 79 1,8 0,8 5,0
71,31 1587 0,070982 0,474513 -180 -141 -193 -139 72 88 1,8 0,8 5,0
71,88 1605 -2,893051 -0,219662 -330 -260 -323 -341 59 97 1,8 0,8 5,0
72,24 1686 -2,525492 0,310901 -502 -684 -511 -759 46 127 1,8 0,8 5,0
75,84 1614 1,271241 -0,458331 -664 -812 -651 -776 30 139 1,8 0,8 5,0
76,32 1615 1,253030 0,503504 -665 -655 -679 -619 30 127 1,8 0,8 5,0
76,65 1610 -0,668960 0,173735 -685 -548 -689 -566 28 119 1,8 0,8 5,0
77,09 1630 0,370148 0,459469 -752 -767 -765 -756 23 135 1,8 0,8 5,0
78,87 1651 1,452439 -1,202247 -844 -790 -809 -748 16 136 1,8 0,8 5,0
79,31 1658 1,620902 0,398376 -765 -632 -776 -585 23 124 1,8 0,8 5,0
79,72 1669 0,025936 -0,215389 -758 -487 -751 -486 24 113 1,8 0,8 5,0
80,20 1676 1,606017 0,130478 -821 -544 -824 -497 19 117 1,8 0,8 5,0
80,65 1684 1,610605 -1,617448 -837 -560 -789 -512 18 118 1,8 0,8 5,0
80,89 1702 1,484194 -0,522461 -833 -524 -817 -480 19 115 1,8 0,8 5,0
81,25 1720 2,121078 -1,272327 -830 -488 -792 -424 20 112 1,8 0,8 5,0
81,62 1731 2,729312 -0,778339 -811 -309 -787 -226 22 99 1,8 0,8 5,0
81,86 1694 2,081938 -0,524816 -757 -178 -741 -116 25 90 1,8 0,8 5,0
82,22 1742 3,462049 -1,289601 -754 0 -714 105 27 77 1,8 0,8 5,0
82,59 1754 0,370233 -0,970659 -672 284 -642 295 34 57 1,8 0,8 5,0
83,03 1763 3,501034 -0,933399 -638 414 -609 522 37 48 1,8 0,8 5,0
100,32 1745 -1,353496 -0,127704 -272 339 -268 297 66 53 1,8 0,8 5,0
100,69 1757 -0,417841 -0,269561 -261 285 -252 272 67 57 1,8 0,8 5,0
101,25 1769 0,263276 0,500793 -263 272 -278 280 67 58 1,8 0,8 5,0
101,66 1773 -0,748303 -0,704178 -302 302 -280 278 64 56 1,8 0,8 5,0
102,14 1767 0,446382 -0,890057 -263 229 -235 242 67 61 1,8 0,8 5,0
102,55 1779 -0,454153 0,897750 -202 173 -229 158 72 65 1,8 0,8 5,0
102,91 1789 -0,823499 0,374278 -190 130 -201 104 73 68 1,8 0,8 5,0
103,56 1814 -0,476556 0,809457 -167 103 -192 87 75 70 1,8 0,8 5,0
104,08 1841 0,370204 -1,102545 -130 134 -94 145 78 68 1,8 0,8 5,0
104,53 1887 -0,943909 -1,721038 -107 153 -50 121 80 67 1,8 0,8 5,0
105,09 1897 -0,748788 0,267705 -80 153 -88 128 82 67 1,8 0,8 5,0
105,37 1882 -0,908481 -1,119815 -53 76 -16 46 84 72 1,8 0,8 5,0
105,90 1901 -0,248027 -2,019819 -26 -30 41 -38 86 79 1,8 0,8 5,0
106,63 1922 -0,758673 -0,088884 0 -77 2 -102 88 82 1,8 0,8 5,0
107,11 1949 -0,718880 -1,686177 83 -253 140 -277 94 93 1,8 0,8 5,0
107,47 1935 -0,316413 -0,145097 137 -314 141 -324 98 97 1,8 0,8 5,0
107,96 2063 0,163009 -0,054677 175 -385 176 -379 100 100 1,8 0,8 5,0
108,32 1985 0,831973 -0,666354 211 -418 234 -389 103 103 1,8 0,8 5,0
108,85 1965 0,582456 0,615033 223 -430 201 -410 104 104 1,8 0,8 5,0
109,13 1985 0,384911 0,578857 253 -483 232 -469 106 107 1,8 0,8 5,0
109,54 2071 0,635985 -0,009021 279 -504 279 -481 107 107 1,8 0,8 5,0
109,86 1990 -0,174303 -0,282296 268 -468 277 -474 107 106 1,8 0,8 5,0
110,18 1976 0,038731 0,193903 252 -448 245 -446 106 105 1,8 0,8 5,0
111,03 1969 0,193686 0,749341 475 -495 449 -488 122 108 1,8 0,8 5,0
111,80 1964 0,193716 0,697562 209 -462 185 -455 103 106 1,8 0,8 5,0
112,20 1971 0,175323 1,782132 195 -463 133 -456 102 106 1,8 0,8 5,0
112,53 1998 -0,177564 1,447797 226 -356 175 -362 104 99 1,8 0,8 5,0
112,97 2135 -0,098388 0,701072 136 -363 109 -366 97 98 1,8 0,8 5,0
113,37 2131 -0,178529 0,625586 90 -380 66 -386 94 99 1,8 0,8 5,0
113,70 2037 0,356171 0,847469 -28 -413 -58 -400 86 102 1,8 0,8 5,0
114,06 2027 0,653262 1,228860 -115 -444 -158 -420 80 104 1,8 0,8 5,0
114,46 2034 1,070600 0,541584 -202 -445 -221 -407 74 104 1,8 0,8 5,0
114,95 2160 0,863698 1,575125 -291 -473 -350 -440 69 104 1,8 0,8 5,0
115,60 2076 0,551804 1,048763 -324 -454 -362 -434 66 104 1,8 0,8 5,0
115,88 2084 0,757604 0,944808 -473 -456 -507 -428 56 104 1,8 0,8 5,0
116,28 2087 0,563774 0,115997 -563 -440 -567 -419 50 103 1,8 0,8 5,0
128,65 1908 -0,678250 -1,409178 -419 495 -372 472 57 45 1,8 0,8 5,0
129,13 2569 -1,246831 -0,035156 -492 667 -490 611 61 45 1,8 0,8 5,0
129,13 2569 -1,246831 -0,035156 -492 542 -490 486 61 51 1,8 0,8 5,0
129,66 2085 -0,485731 -1,082563 -370 304 -330 286 63 59 1,8 0,8 5,0
130,18 2007 0,050751 0,723536 -356 309 -381 310 63 58 1,8 0,8 5,0
130,46 2031 -0,603283 -0,338826 -331 362 -318 340 65 55 1,8 0,8 5,0
130,91 2073 -0,242633 0,477963 -309 370 -326 361 67 55 1,8 0,8 5,0
131,31 2102 0,420423 0,596259 -343 426 -364 441 65 52 1,8 0,8 5,0
131,72 2150 0,251485 -1,006936 -366 436 -328 445 64 52 1,8 0,8 5,0
132,20 2317 0,035928 -0,732720 -411 470 -381 471 63 52 1,8 0,8 5,0
132,73 2223 -0,097365 -0,728562 -394 469 -365 465 63 51 1,8 0,8 5,0
133,13 2245 0,061470 -0,213931 -366 473 -357 475 65 51 1,8 0,8 5,0
133,54 2267 0,430490 -0,796378 -321 478 -289 495 68 51 1,8 0,8 5,0
133,98 2328 -1,219051 -1,964962 -264 491 -184 441 72 51 1,8 0,8 5,0
310,26 1713 -0,007960 -0,309627 -170 69 -160 68 74 72 1,8 0,8 5,0
310,38 1710 -0,820546 -0,206461 -157 97 -150 72 75 70 1,8 0,8 5,0
311,19 1712 -0,284320 0,491813 -145 125 -159 116 76 68 1,8 0,8 5,0
311,39 1712 -0,440304 0,503749 -121 125 -136 111 78 68 1,8 0,8 5,0
311,68 1720 -0,230626 0,209568 -109 139 -115 132 79 67 1,8 0,8 5,0
311,92 1727 0,458550 1,195462 -98 140 -134 153 80 67 1,8 0,8 5,0
312,81 1761 0,918517 1,436995 -112 142 -156 170 79 67 1,8 0,8 5,0
313,54 1781 0,264653 -0,265202 -113 130 -104 138 79 68 1,8 0,8 5,0
313,90 1789 -0,120090 0,651429 -127 130 -147 126 78 68 1,8 0,8 5,0
315,15 1817 -0,631917 0,569764 -141 132 -159 111 77 68 1,8 0,8 5,0
315,52 1825 -0,525396 0,394686 -155 118 -167 101 76 69 1,8 0,8 5,0
315,92 1837 0,336080 -1,467096 -169 134 -122 144 75 68 1,8 0,8 5,0
316,73 1844 -0,596645 0,639253 -170 119 -190 99 75 69 1,8 0,8 5,0
317,09 1844 -0,596645 0,639253 52 89 31 69 92 71 1,8 0,8 5,0
317,37 1844 -0,596645 0,639253 183 74 162 54 102 72 1,8 0,8 5,0
317,74 1844 -0,596645 0,639253 196 74 175 54 103 72 1,8 0,8 5,0
318,06 1844 -0,596645 0,639253 196 59 175 39 103 73 1,8 0,8 5,0
318,71 1844 -0,596645 0,639253 196 44 175 24 103 74 1,8 0,8 5,0
319,15 1844 -0,596645 0,639253 183 44 162 24 102 74 1,8 0,8 5,0
319,39 1844 -0,596645 0,639253 183 29 162 9 102 75 1,8 0,8 5,0
319,60 1830 -0,458889 2,320728 194 29 119 14 103 75 1,8 0,8 5,0
319,84 1824 -1,749527 1,970460 -168 118 -230 62 75 69 1,8 0,8 5,0
320,24 1882 0,913709 -2,048421 -307 106 -239 136 65 70 1,8 0,8 5,0
320,65 1814 0,072786 -0,667552 -296 132 -274 134 65 68 1,8 0,8 5,0
321,17 1815 -1,230273 2,000855 -347 147 -410 108 61 67 1,8 0,8 5,0
321,41 1820 -1,200915 1,688772 -426 147 -479 108 55 67 1,8 0,8 5,0
321,82 1887 0,696090 1,191450 -455 153 -494 175 54 67 1,8 0,8 5,0
322,14 1878 -0,146434 2,123136 -480 121 -549 116 52 69 1,8 0,8 5,0
322,42 1779 0,300609 0,816779 -467 115 -492 124 51 69 1,8 0,8 5,0
322,87 1806 -0,679619 1,741199 -525 131 -580 109 47 68 1,8 0,8 5,0
323,15 1773 0,068250 0,769903 -528 129 -551 131 46 68 1,8 0,8 5,0
323,39 1744 0,211484 1,064269 -569 99 -601 105 42 70 1,8 0,8 5,0
323,76 1706 -0,151546 0,341590 -569 96 -579 91 41 70 1,8 0,8 5,0
323,92 1682 -1,183487 -0,002750 -609 95 -608 60 37 70 1,8 0,8 5,0
324,24 1666 -0,817188 1,203523 -626 81 -661 57 35 71 1,8 0,8 5,0
324,65 1655 -0,250391 0,952555 -669 0 -696 -7 31 77 1,8 0,8 5,0
325,01 1638 0,128170 1,593702 -721 -93 -766 -89 26 84 1,8 0,8 5,0
325,54 1625 -1,205389 -0,554824 -715 -145 -699 -179 26 88 1,8 0,8 5,0
325,94 1604 -0,703272 0,227069 -740 -208 -746 -227 23 93 1,8 0,8 5,0
326,26 1556 -0,101154 -1,337602 -718 -252 -681 -254 23 97 1,8 0,8 5,0
326,59 1574 -0,030150 -1,132079 -670 -344 -639 -344 28 104 1,8 0,8 5,0
326,99 1535 -0,193216 1,529496 -621 -398 -662 -403 31 109 1,8 0,8 5,0
327,31 1552 0,682364 0,296200 -308 -503 -316 -484 60 117 1,8 0,8 5,0
327,80 1537 1,128909 0,787948 -622 -399 -643 -368 31 109 1,8 0,8 5,0
328,32 1513 1,138552 0,211290 -612 -356 -617 -326 31 106 1,8 0,8 5,0
328,97 1483 0,474248 0,294112 -621 -300 -628 -287 29 102 1,8 0,8 5,0
329,17 1468 0,619343 0,027849 -667 -214 -667 -198 24 95 1,8 0,8 5,0
329,49 1452 0,960385 -0,397463 -670 -141 -659 -116 23 89 1,8 0,8 5,0
329,82 1440 0,998623 -1,794187 -664 -93 -619 -67 23 85 1,8 0,8 5,0
330,14 1412 1,532074 1,157202 -661 -45 -689 -7 22 81 1,8 0,8 5,0
344,97 1688 -0,993878 -0,585588 -227 328 -209 298 69 53 1,8 0,8 5,0
345,13 1641 0,373465 -1,233425 -163 319 -127 329 74 53 1,8 0,8 5,0
346,10 1624 0,310746 -1,338244 -196 316 -158 324 71 53 1,8 0,8 5,0
346,63 1616 -0,172459 -0,535035 -172 340 -156 335 73 51 1,8 0,8 5,0
347,15 1608 0,979426 0,540637 -148 339 -163 366 75 51 1,8 0,8 5,0
348,08 1578 -0,244757 0,286405 -123 332 -130 325 77 51 1,8 0,8 5,0
348,57 1557 -0,531296 -0,322618 -99 328 -90 313 79 51 1,8 0,8 5,0
348,97 1533 -0,568874 2,160603 -108 298 -165 282 78 53 1,8 0,8 5,0
349,86 1513 -0,100068 1,438141 -118 306 -156 303 77 52 1,8 0,8 5,0
350,22 1510 -0,385702 1,746032 -139 294 -185 283 75 53 1,8 0,8 5,0
350,59 1517 0,068383 -1,888883 -140 270 -90 271 75 55 1,8 0,8 5,0
351,11 1521 0,011880 0,006643 -151 259 -151 259 74 56 1,8 0,8 5,0
351,92 1547 -0,420457 0,662209 -109 263 -126 251 78 56 1,8 0,8 5,0
352,44 1565 -0,516126 1,138810 -100 266 -131 251 79 56 1,8 0,8 5,0
352,69 1580 -0,419443 -1,683053 -112 243 -65 231 78 58 1,8 0,8 5,0
353,05 1603 -0,400638 -0,111666 -79 221 -75 209 81 60 1,8 0,8 5,0
353,33 1628 -0,135835 2,005865 -57 184 -114 180 83 63 1,8 0,8 5,0
353,58 1632 -0,683109 0,812695 0 132 -23 112 88 67 1,8 0,8 5,0
353,86 1623 0,499071 -1,561823 34 118 78 132 91 68 1,8 0,8 5,0
354,10 1614 0,292823 -0,090752 22 104 24 112 90 69 1,8 0,8 5,0
354,38 1628 -1,113525 1,935464 34 52 -20 20 91 73 1,8 0,8 5,0
354,79 1642 -1,019958 1,334372 23 39 -15 9 90 74 1,8 0,8 5,0
355,19 1649 -1,375187 0,346006 11 26 1 -13 89 75 1,8 0,8 5,0
355,56 1650 -0,982676 1,539295 -11 13 -55 -15 87 76 1,8 0,8 5,0
355,80 1680 -1,069034 -0,663059 -47 -27 -27 -58 84 79 1,8 0,8 5,0
356,16 1691 -0,992709 -0,461659 -36 -54 -22 -83 85 81 1,8 0,8 5,0
356,40 1708 -1,255336 -0,117634 12 -180 15 -217 89 90 1,8 0,8 5,0
356,73 1707 -0,784435 0,621370 218 -193 199 -216 106 91 1,8 0,8 5,0
357,13 1723 -0,176741 -0,649344 85 -209 104 -214 95 92 1,8 0,8 5,0
357,45 1733 0,217392 -1,038069 172 -196 203 -189 102 91 1,8 0,8 5,0
357,82 1739 -0,570434 0,864695 197 -169 170 -186 104 89 1,8 0,8 5,0
358,26 1791 1,341590 -1,340657 241 -145 282 -103 107 87 1,8 0,8 5,0
358,51 1842 -0,120388 -0,485020 274 -119 289 -122 109 85 1,8 0,8 5,0
358,79 1771 -0,303889 -0,417231 289 -71 301 -80 111 82 1,8 0,8 5,0
359,23 1739 -0,040749 1,192496 308 -70 271 -71 113 82 1,8 0,8 5,0
359,72 1748 -0,156691 0,454508 340 -57 325 -61 115 81 1,8 0,8 5,0
359,92 1844 0,453242 0,210520 361 -57 354 -43 117 81 1,8 0,8 5,0
360,32 1849 -0,550211 1,710678 380 -30 324 -47 117 79 1,8 0,8 5,0
360,57 1748 0,470181 -0,979012 384 42 413 56 119 74 1,8 0,8 5,0
360,73 1742 -0,116352 -0,395530 395 70 407 66 120 72 1,8 0,8 5,0
361,13 1777 0,705932 0,351661 403 86 392 107 120 71 1,8 0,8 5,0
361,37 1792 -0,246120 0,356652 381 87 369 79 118 71 1,8 0,8 5,0
361,82 1823 0,292818 0,685163 310 73 288 82 112 72 1,8 0,8 5,0
362,14 0 0,706669 1,392732 0 0 0 0 110 72 1,8 0,8 5,0
362,34 1849 0,601277 0,786906 210 60 184 79 104 73 1,8 0,8 5,0
362,71 1875 -0,112054 2,426469 146 45 66 41 99 74 1,8 0,8 5,0
363,03 2066 -0,289286 2,498694 29 16 -61 5 90 76 1,8 0,8 5,0
363,35 1928 0,081584 0,783230 -109 62 -135 64 80 73 1,8 0,8 5,0
363,56 1936 -0,682687 2,380992 -206 78 -286 54 73 72 1,8 0,8 5,0
363,84 2058 -0,481407 1,637242 -292 100 -350 82 68 71 1,8 0,8 5,0
364,12 2023 0,296665 2,368491 -632 246 -716 256 44 62 1,8 0,8 5,0
364,65 2028 -0,065478 0,655015 -705 312 -728 309 39 58 1,8 0,8 5,0
364,93 2001 -0,114473 1,472672 -767 373 -818 369 34 54 1,8 0,8 5,0
365,21 1979 -1,110557 0,210626 -843 385 -850 346 28 53 1,8 0,8 5,0
365,70 1953 -0,669516 -0,080469 -485 269 -482 246 53 60 1,8 0,8 5,0
366,30 1909 -0,821851 1,738511 -935 309 -993 281 19 57 1,8 0,8 5,0
366,46 1901 -1,652152 1,658291 -985 277 -1040 222 15 59 1,8 0,8 5,0
366,91 1873 -1,531512 0,874669 -984 227 -1012 177 14 62 1,8 0,8 5,0
367,07 1872 -1,263075 0,481649 -1063 91 -1078 49 8 71 1,8 0,8 5,0
367,27 1593 -0,600936 -0,202308 -565 -25 -559 -41 38 79 1,8 0,8 5,0
367,52 1445 -2,232894 1,401785 -872 -93 -907 -149 3 85 1,8 0,8 5,0
370,42 1795 0,575030 -0,209417 -892 -844 -885 -826 18 135 1,8 0,8 5,0
371,11 1765 0,394587 -0,576365 -864 -787 -846 -774 19 132 1,8 0,8 5,0
371,39 1750 0,577888 0,385198 -894 -809 -905 -791 16 134 1,8 0,8 5,0
373,37 1652 0,584021 -0,314068 -973 -777 -963 -760 5 135 1,8 0,8 5,0
373,74 1631 2,167233 -0,505356 -949 -555 -934 -493 6 119 1,8 0,8 5,0
374,22 1618 0,660641 1,057494 -907 -354 -937 -335 9 104 1,8 0,8 5,0
374,75 1596 1,018283 0,773870 -929 -375 -950 -346 6 106 1,8 0,8 5,0
375,03 1595 1,978311 -2,042544 -928 -349 -871 -294 6 104 1,8 0,8 5,0
375,35 1578 2,864722 -2,326192 -896 -217 -832 -138 8 94 1,8 0,8 5,0
375,72 1564 2,617505 0,574694 -866 -164 -881 -92 10 90 1,8 0,8 5,0
376,16 1546 0,800460 -2,104195 -779 0 -722 21 17 77 1,8 0,8 5,0
376,53 1534 3,847433 -2,328113 -740 74 -678 177 20 71 1,8 0,8 5,0
376,85 1524 2,908991 -0,046481 -746 284 -744 361 19 54 1,8 0,8 5,0
406,34 1450 -0,175487 -0,373491 72 -270 81 -274 95 100 1,8 0,8 5,0
406,42 1452 -0,218329 0,628590 82 -294 66 -299 96 102 1,8 0,8 5,0
406,91 1435 0,066481 1,758928 81 -314 36 -312 96 104 1,8 0,8 5,0
407,31 1437 -0,158486 0,381060 91 -314 81 -317 97 104 1,8 0,8 5,0
407,56 1442 0,446409 -0,452984 71 -327 82 -315 95 105 1,8 0,8 5,0
407,80 1450 0,270552 -0,783847 82 -317 101 -310 96 104 1,8 0,8 5,0
408,00 1429 0,751213 0,367594 81 -301 71 -282 96 103 1,8 0,8 5,0
408,24 1411 0,197296 -0,867540 80 -286 101 -281 96 102 1,8 0,8 5,0
408,65 1392 0,483506 1,388240 39 -271 5 -259 92 101 1,8 0,8 5,0
408,97 1379 0,288838 0,684272 9 -235 -7 -228 89 98 1,8 0,8 5,0
409,33 1370 0,234751 0,448593 -9 -211 -19 -205 87 96 1,8 0,8 5,0
409,58 1361 0,573905 0,365066 -48 -187 -56 -173 83 94 1,8 0,8 5,0
409,94 1352 -0,035604 -0,671631 -57 -175 -41 -175 82 93 1,8 0,8 5,0
410,26 1337 0,356031 1,373959 -66 -173 -98 -164 81 93 1,8 0,8 5,0
410,55 1331 0,436333 -0,409652 -75 -162 -65 -151 80 92 1,8 0,8 5,0
410,83 1324 -0,155649 1,698613 -112 -139 -151 -142 76 90 1,8 0,8 5,0
411,03 1317 0,010985 0,151276 0 -160 -3 -159 88 92 1,8 0,8 5,0
411,43 1313 -0,957796 1,485668 -167 -149 -201 -170 70 91 1,8 0,8 5,0
411,72 1311 0,003845 1,933266 -204 -148 -248 -147 66 91 1,8 0,8 5,0
412,12 1311 1,037876 1,316034 -232 -138 -262 -114 63 90 1,8 0,8 5,0
412,48 1317 0,910060 1,409309 -299 -106 -331 -85 56 87 1,8 0,8 5,0
412,89 1379 -0,286843 0,950795 -225 -89 -247 -95 65 85 1,8 0,8 5,0
413,25 1377 0,410934 1,592032 -400 -33 -438 -23 47 80 1,8 0,8 5,0
413,62 1369 0,798834 1,540338 -466 11 -502 30 40 76 1,8 0,8 5,0
414,14 1347 1,271656 0,980152 -602 54 -625 83 25 72 1,8 0,8 5,0
414,55 1346 0,110988 1,717278 -640 87 -680 89 21 69 1,8 0,8 5,0
415,11 1335 -0,494588 2,705269 -758 238 -821 226 8 55 1,8 0,8 5,0
444,69 1731 0,370205 0,584640 -61 -266 -78 -254 83 96 1,8 0,8 5,0
444,85 1741 0,878685 0,145255 -61 -226 -65 -199 83 93 1,8 0,8 5,0
445,41 1730 0,317482 0,282379 -61 -168 -69 -158 83 89 1,8 0,8 5,0
445,98 1740 0,474198 -0,319530 -98 -112 -88 -97 80 85 1,8 0,8 5,0
446,30 1739 0,650689 -0,122063 -111 -70 -107 -50 79 82 1,8 0,8 5,0
446,83 1750 0,556538 -0,549816 -136 -28 -119 -11 77 79 1,8 0,8 5,0
447,15 1756 0,325066 1,896754 -149 -14 -207 -4 76 78 1,8 0,8 5,0
447,56 1782 0,500975 1,057106 -177 0 -209 15 74 77 1,8 0,8 5,0
448,04 1793 -0,273735 0,298698 -216 0 -225 -8 71 77 1,8 0,8 5,0
448,44 1797 0,175831 1,318189 -242 14 -283 19 69 76 1,8 0,8 5,0
448,81 1799 0,319133 -0,429547 -255 14 -241 24 68 76 1,8 0,8 5,0
449,17 1836 0,179746 -0,788914 -299 0 -273 5 65 77 1,8 0,8 5,0
449,45 1841 0,602756 -0,324377 -326 0 -315 19 63 77 1,8 0,8 5,0
449,82 1942 -1,233298 1,322224 -372 15 -416 -26 61 76 1,8 0,8 5,0
450,18 1867 -0,889268 1,526050 -384 15 -433 -13 59 76 1,8 0,8 5,0
450,59 1952 0,602424 -0,405201 -415 0 -401 20 58 77 1,8 0,8 5,0
450,79 1862 -1,042738 -0,004381 -409 0 -408 -33 57 77 1,8 0,8 5,0
451,27 1889 1,183586 -1,632034 -469 -30 -415 9 53 79 1,8 0,8 5,0
452,04 1922 0,133247 0,120610 -545 -15 -549 -10 48 78 1,8 0,8 5,0
452,24 1905 0,671968 -0,903790 -581 0 -551 22 45 77 1,8 0,8 5,0
452,65 1912 -1,139682 0,844732 -610 -15 -638 -53 43 78 1,8 0,8 5,0
452,97 1909 0,630842 -1,524424 -650 46 -599 67 40 74 1,8 0,8 5,0
453,25 1909 -1,228696 1,467647 -664 46 -713 5 39 74 1,8 0,8 5,0
453,70 1906 -0,788221 1,113092 -690 77 -727 50 37 72 1,8 0,8 5,0
454,14 1909 0,735919 0,490905 -704 77 -720 101 36 72 1,8 0,8 5,0
454,79 1908 -0,270147 0,873586 -745 92 -774 83 33 71 1,8 0,8 5,0
455,15 1923 -1,926488 0,895137 -791 78 -821 13 30 72 1,8 0,8 5,0
455,52 1935 0,540828 -1,425924 -810 47 -762 65 29 74 1,8 0,8 5,0
455,96 1950 0,372913 -1,897495 -830 47 -765 59 28 74 1,8 0,8 5,0
456,36 1944 0,316386 0,113990 -828 15 -831 25 28 76 1,8 0,8 5,0
456,85 1961 0,316291 -2,447146 -863 -15 -779 -4 26 78 1,8 0,8 5,0
457,13 1977 -0,346025 -0,108796 -898 -64 -894 -75 24 81 1,8 0,8 5,0
457,66 1989 -0,277116 -2,440957 -946 -80 -862 -89 21 82 1,8 0,8 5,0
457,90 1988 0,350697 0,249863 -945 -145 -953 -132 21 86 1,8 0,8 5,0
458,22 2001 0,680257 -2,403881 -539 -276 -455 -252 50 94 1,8 0,8 5,0
458,67 2009 1,252137 -3,563132 -884 -195 -760 -151 26 89 1,8 0,8 5,0
458,99 2026 1,429186 -3,476243 -848 -197 -726 -146 29 89 1,8 0,8 5,0
459,56 1924 -0,496980 -1,973306 -710 -249 -644 -265 36 93 1,8 0,8 5,0
459,68 1954 1,904491 -2,209221 -610 -348 -535 -283 44 99 1,8 0,8 5,0
459,96 1967 1,064129 -1,176372 -572 -399 -531 -362 47 102 1,8 0,8 5,0
460,20 1995 -0,286890 -1,224992 -439 -420 -396 -429 57 103 1,8 0,8 5,0
460,48 2017 0,420146 0,466283 -315 -343 -331 -328 66 98 1,8 0,8 5,0
473,37 1779 0,416326 -1,384761 101 245 144 257 96 60 1,8 0,8 5,0
473,37 1779 0,416326 -1,384761 126 245 169 257 98 60 1,8 0,8 5,0
473,58 1779 0,416326 -1,384761 126 230 169 242 98 61 1,8 0,8 5,0
473,78 1849 -0,832759 0,164127 118 240 112 213 97 61 1,8 0,8 5,0
474,02 1846 0,480412 -2,096689 -327 374 -259 389 63 52 1,8 0,8 5,0
474,30 1848 0,403064 -1,102541 -209 239 -173 252 72 61 1,8 0,8 5,0
474,63 1866 0,211817 -2,011327 -172 257 -106 263 75 60 1,8 0,8 5,0
474,87 1897 0,864581 -1,496295 -161 307 -111 335 76 57 1,8 0,8 5,0
475,19 1924 0,626056 -1,615741 -136 249 -81 270 78 61 1,8 0,8 5,0
475,64 1908 0,578077 -1,857311 -108 216 -46 235 80 63 1,8 0,8 5,0
476,00 1943 -0,784321 -0,304681 -55 157 -44 130 84 67 1,8 0,8 5,0
476,32 1966 -0,883502 -0,029825 -27 159 -25 128 86 67 1,8 0,8 5,0
476,81 1939 -0,707796 1,260600 13 141 -29 117 89 68 1,8 0,8 5,0
477,37 1940 0,066922 -2,154549 13 125 85 127 89 69 1,8 0,8 5,0
477,66 1939 -0,385346 -0,069251 41 125 43 111 91 69 1,8 0,8 5,0
478,10 1957 -1,048434 -0,811803 55 127 82 91 92 69 1,8 0,8 5,0
478,42 1980 -0,569139 1,078007 98 80 60 60 95 72 1,8 0,8 5,0
479,52 2020 -0,959357 0,587404 114 16 93 -17 96 76 1,8 0,8 5,0
480,24 2116 -0,416991 1,597178 135 -51 76 -66 97 80 1,8 0,8 5,0
480,69 2120 -0,763466 1,052723 150 -137 111 -165 98 85 1,8 0,8 5,0
481,74 2091 -0,633012 0,351474 193 -135 180 -158 101 85 1,8 0,8 5,0
482,14 2068 0,233119 -1,049657 220 -151 257 -142 103 86 1,8 0,8 5,0
482,46 2076 -0,719172 0,224351 250 -168 241 -194 105 87 1,8 0,8 5,0
482,75 2063 -1,370764 0,426214 307 -234 291 -283 109 91 1,8 0,8 5,0
483,11 2047 -0,328008 -1,222364 334 -265 377 -276 111 93 1,8 0,8 5,0
483,64 2058 -0,548886 -0,492594 409 -317 426 -336 116 96 1,8 0,8 5,0
484,04 2063 -0,806931 -0,944594 468 -351 502 -380 120 98 1,8 0,8 5,0
484,48 2071 0,146399 -0,197827 499 -403 506 -397 122 101 1,8 0,8 5,0
484,81 2080 -0,828988 1,362888 502 -472 452 -502 122 105 1,8 0,8 5,0
485,25 2090 -0,131791 -0,273553 504 -508 513 -512 122 107 1,8 0,8 5,0
485,70 2105 -0,426781 -1,441990 478 -546 531 -561 120 109 1,8 0,8 5,0
486,02 2075 -0,871041 0,721506 471 -589 444 -620 120 112 1,8 0,8 5,0
486,34 2127 0,236000 1,305275 468 -604 419 -595 119 112 1,8 0,8 5,0
486,87 2083 -0,605355 1,090313 443 -625 403 -647 118 114 1,8 0,8 5,0
487,27 2162 -0,052973 -0,415129 429 -701 444 -702 116 117 1,8 0,8 5,0
487,84 2075 -0,115344 2,630224 383 -690 288 -694 114 118 1,8 0,8 5,0
488,20 2099 0,482619 -0,203484 298 -851 305 -833 108 127 1,8 0,8 5,0
488,53 2115 0,328719 0,809580 225 -892 195 -879 103 129 1,8 0,8 5,0
488,93 2105 -0,212207 1,983286 194 -871 121 -878 101 128 1,8 0,8 5,0
489,21 2218 -0,417882 2,627440 141 -881 39 -897 97 126 1,8 0,8 5,0
489,58 2241 0,480421 0,584776 95 -854 72 -835 94 124 1,8 0,8 5,0
490,06 2273 0,240792 2,418101 80 -830 -15 -820 93 122 1,8 0,8 5,0
490,63 2227 1,188350 1,227468 -31 -759 -78 -712 86 119 1,8 0,8 5,0
491,23 2393 1,486795 0,817756 -169 -699 -203 -637 78 113 1,8 0,8 5,0
491,68 2435 2,111664 3,132365 -363 -533 -496 -443 67 104 1,8 0,8 5,0
492,08 2418 2,145326 1,459147 -497 -412 -558 -321 59 98 1,8 0,8 5,0
492,40 2419 2,368126 1,702215 -618 -294 -690 -194 52 92 1,8 0,8 5,0
493,05 2278 2,193022 0,258315 -679 -221 -689 -133 46 89 1,8 0,8 5,0
493,45 2270 2,725460 0,110832 -934 -36 -938 72 30 79 1,8 0,8 5,0
493,70 2276 2,002545 -3,033738 -985 73 -865 152 27 73 1,8 0,8 5,0
494,30 2011 2,551120 -1,059625 1128 -946 1165 -857 167 135 1,8 0,8 5,0
494,71 2135 4,004474 0,746590 1091 -831 1063 -683 160 125 1,8 0,8 5,0
528,24 1563 -1,228609 1,000839 188 0 160 -33 105 77 1,8 0,8 5,0
528,65 1566 -0,155759 -1,511110 44 -88 85 -92 92 84 1,8 0,8 5,0
529,01 1567 -0,803612 2,791838 -44 -165 -120 -186 84 90 1,8 0,8 5,0
529,33 1552 -0,782542 -0,367946 -33 -151 -23 -172 85 89 1,8 0,8 5,0
529,66 1548 0,480017 -0,665949 -32 -163 -14 -150 85 90 1,8 0,8 5,0
529,98 1542 0,304507 0,962392 -43 -162 -68 -153 84 90 1,8 0,8 5,0
530,18 1514 0,269388 -1,322279 -53 -147 -18 -139 83 89 1,8 0,8 5,0
530,51 1492 -0,459526 1,746158 -42 -133 -87 -144 84 88 1,8 0,8 5,0
530,87 1467 0,349222 -1,690613 -41 -142 2 -133 84 89 1,8 0,8 5,0
531,15 1451 -0,523681 1,169410 -20 -129 -49 -142 86 88 1,8 0,8 5,0
531,47 1428 0,064913 -0,629144 -30 -104 -14 -102 85 86 1,8 0,8 5,0
531,76 1416 -0,311919 -1,096042 -50 -80 -22 -87 83 84 1,8 0,8 5,0
532,00 1411 0,875499 -0,665521 -60 -80 -43 -58 82 84 1,8 0,8 5,0
532,36 1388 -0,415546 -0,903055 -49 -78 -27 -88 83 84 1,8 0,8 5,0
533,29 1362 0,054559 1,405788 -87 -99 -120 -97 79 86 1,8 0,8 5,0
534,06 1332 -0,319026 1,115184 -113 -97 -138 -104 76 86 1,8 0,8 5,0
534,42 1321 0,290439 1,094877 -121 -117 -146 -110 75 88 1,8 0,8 5,0
534,71 1314 0,149033 -0,284588 -139 -106 -132 -102 73 87 1,8 0,8 5,0
535,15 1322 -0,651003 -0,321177 -150 -118 -142 -133 72 88 1,8 0,8 5,0
535,47 1344 -0,718797 -1,179789 -162 -119 -134 -135 71 88 1,8 0,8 5,0
535,92 1353 -0,305466 0,867836 -172 -131 -192 -138 70 89 1,8 0,8 5,0
536,24 1350 0,662818 0,963168 -182 -109 -204 -93 69 87 1,8 0,8 5,0
536,73 1358 0,425981 -1,960098 -202 -88 -155 -77 67 85 1,8 0,8 5,0
537,21 1367 0,057973 -0,833155 -213 -66 -193 -64 66 83 1,8 0,8 5,0
537,54 1378 0,242742 1,443997 -205 -33 -239 -27 67 80 1,8 0,8 5,0
538,18 1398 0,559834 -1,082438 -218 0 -191 13 66 77 1,8 0,8 5,0
538,71 1403 0,962385 -0,489579 -219 68 -207 91 66 71 1,8 0,8 5,0
539,11 1413 0,372865 0,113595 -220 126 -222 135 66 66 1,8 0,8 5,0
539,35 1423 0,464936 -1,247029 -242 184 -211 195 64 61 1,8 0,8 5,0
539,76 1451 0,958442 -0,930672 -226 259 -202 283 66 55 1,8 0,8 5,0
540,16 1451 0,816997 0,612346 -206 317 -221 337 68 50 1,8 0,8 5,0
540,61 1467 -0,128462 -0,443134 -197 369 -185 365 69 46 1,8 0,8 5,0
540,93 1476 0,407567 0,602442 -167 395 -182 405 72 44 1,8 0,8 5,0
541,25 1480 0,871574 -1,906221 -157 420 -107 442 73 42 1,8 0,8 5,0
541,58 1495 1,002829 -1,357103 -138 473 -102 499 75 38 1,8 0,8 5,0
541,82 1502 0,025323 0,603602 -74 450 -89 450 81 40 1,8 0,8 5,0
542,06 1510 0,350915 1,227088 -32 465 -64 474 85 39 1,8 0,8 5,0
542,30 1522 -0,034226 1,620615 -21 456 -64 455 86 40 1,8 0,8 5,0
542,59 1553 0,086995 -0,674726 -33 478 -14 480 85 39 1,8 0,8 5,0
542,87 1543 -1,493851 -0,472583 -76 413 -63 372 81 44 1,8 0,8 5,0
543,11 1537 -0,885075 0,695195 -87 361 -105 337 80 48 1,8 0,8 5,0
543,60 1554 -1,448109 2,115770 -99 302 -156 262 79 53 1,8 0,8 5,0
543,88 1572 -0,563088 0,360733 -111 242 -120 226 78 58 1,8 0,8 5,0
544,28 1584 -1,102295 0,655017 -112 218 -130 187 78 60 1,8 0,8 5,0
544,69 1617 -1,138965 1,389724 -172 118 -211 85 73 68 1,8 0,8 5,0
545,09 1721 -1,660744 1,295037 -281 55 -319 5 65 73 1,8 0,8 5,0
545,41 1615 -1,102804 0,521029 -309 -39 -323 -70 61 80 1,8 0,8 5,0
545,78 1613 -1,012199 0,211588 -332 -78 -337 -106 59 83 1,8 0,8 5,0
546,10 1621 -2,855629 -0,117854 -391 -289 -387 -370 54 99 1,8 0,8 5,0
546,55 1642 -1,356403 -0,499114 -396 -533 -381 -572 54 117 1,8 0,8 5,0
546,95 1719 -1,114915 1,500941 -439 -823 -484 -856 52 136 1,8 0,8 5,0
547,15 1676 -0,250268 0,310490 -440 -816 -449 -823 51 137 1,8 0,8 5,0
547,56 1709 -0,209613 0,292849 -461 -846 -469 -852 50 138 1,8 0,8 5,0
547,84 1639 -0,114028 0,824403 -477 -837 -500 -840 47 140 1,8 0,8 5,0
548,16 1683 0,897309 0,089754 -501 -860 -503 -833 46 140 1,8 0,8 5,0
548,44 1630 0,109475 -0,240880 -486 -846 -479 -842 46 141 1,8 0,8 5,0
548,89 1673 0,177459 -0,324314 -510 -828 -500 -822 45 138 1,8 0,8 5,0
549,25 1677 1,417495 -0,779774 -500 -789 -477 -747 46 135 1,8 0,8 5,0
549,66 1681 1,444236 -0,332883 -549 -695 -539 -652 42 128 1,8 0,8 5,0
550,02 1701 2,499995 -0,656585 -567 -634 -547 -560 41 123 1,8 0,8 5,0
550,38 1714 1,962057 0,133953 -632 -472 -636 -413 36 111 1,8 0,8 5,0
550,79 1719 2,125495 -0,002380 -671 -390 -670 -326 33 105 1,8 0,8 5,0
551,23 1673 1,742318 -0,040880 -677 -298 -675 -247 31 99 1,8 0,8 5,0
551,60 1748 2,162801 -0,573585 -707 -212 -689 -146 31 92 1,8 0,8 5,0
552,00 1651 1,992261 -0,540412 -644 -53 -628 4 33 81 1,8 0,8 5,0
552,32 1688 0,767903 -1,925387 -623 82 -566 104 36 71 1,8 0,8 5,0
552,65 1810 1,860438 0,179206 -642 235 -647 293 38 61 1,8 0,8 5,0
553,01 1759 3,440192 -1,065568 -661 399 -628 505 35 49 1,8 0,8 5,0
553,25 1848 1,883798 -1,397317 -708 704 -663 765 34 30 1,8 0,8 5,0
553,70 1881 1,545161 -1,026014 -667 1099 -633 1150 38 5 1,8 0,8 5,0
555,31 1870 -0,977744 -2,902963 -199 1122 -104 1090 73 3 1,8 0,8 5,0
555,76 1813 -2,228867 0,012750 -102 985 -102 915 80 10 1,8 0,8 5,0
555,96 1895 -0,594965 -2,103468 -26 861 43 841 86 21 1,8 0,8 5,0
556,44 1911 -0,938624 -0,972457 27 837 59 805 90 23 1,8 0,8 5,0
556,93 1828 -1,378706 1,265015 77 830 36 786 94 21 1,8 0,8 5,0
557,17 1830 -2,033552 0,198812 155 891 148 826 100 17 1,8 0,8 5,0
557,54 1803 -1,737229 0,225629 140 804 132 749 99 22 1,8 0,8 5,0
557,82 1777 -2,269928 1,676373 138 764 86 694 99 24 1,8 0,8 5,0
558,18 1778 -2,828317 1,766220 75 548 20 460 94 39 1,8 0,8 5,0
558,71 1804 -3,676712 1,874121 38 483 -21 368 91 44 1,8 0,8 5,0
558,99 1802 -3,753408 2,994943 -89 233 -183 115 81 61 1,8 0,8 5,0
559,52 1815 -2,912302 1,960116 -128 162 -190 69 78 66 1,8 0,8 5,0
560,04 1949 -4,613780 2,707934 -249 -63 -341 -220 70 81 1,8 0,8 5,0
560,44 1955 -2,679647 0,760651 -430 -285 -455 -376 57 95 1,8 0,8 5,0
560,85 1945 -4,068744 1,067149 -524 -631 -560 -770 50 117 1,8 0,8 5,0
573,98 1724 0,914353 -0,059958 -489 -881 -487 -853 48 140 1,8 0,8 5,0
574,42 1739 0,577605 -2,244479 -469 -889 -401 -871 50 140 1,8 0,8 5,0
577,13 1871 0,859364 -0,547687 -385 -865 -367 -837 59 134 1,8 0,8 5,0
577,62 1844 0,411599 -0,126782 -366 -763 -361 -749 60 128 1,8 0,8 5,0
578,06 1817 0,232432 -1,563938 -335 -737 -285 -729 62 127 1,8 0,8 5,0
580,48 1664 1,501319 1,275354 -448 -837 -485 -793 50 139 1,8 0,8 5,0
580,97 1639 2,710745 1,025930 -477 -771 -506 -694 47 135 1,8 0,8 5,0
581,45 1536 1,286397 1,490355 -556 -548 -596 -513 37 121 1,8 0,8 5,0
581,70 1591 1,366981 0,527220 -700 -710 -714 -672 26 132 1,8 0,8 5,0
582,06 1560 1,910066 1,023354 -731 -734 -758 -682 22 135 1,8 0,8 5,0
582,55 1532 3,015015 -0,547494 -728 -758 -713 -678 21 138 1,8 0,8 5,0
582,87 1443 2,959640 -1,338166 -758 -562 -724 -488 14 125 1,8 0,8 5,0
583,39 1387 2,650016 -0,615607 -718 -393 -703 -329 15 112 1,8 0,8 5,0
583,96 1365 3,017740 -1,442409 -678 -232 -643 -160 18 98 1,8 0,8 5,0
584,53 1358 3,322238 -3,106731 -588 -22 -515 56 27 79 1,8 0,8 5,0
584,85 1387 1,316593 -0,963417 -521 157 -497 188 35 63 1,8 0,8 5,0
585,29 1427 3,730980 -1,372588 -425 312 -390 405 46 50 1,8 0,8 5,0
585,74 1510 4,421711 -2,328551 -396 710 -334 828 51 19 1,8 0,8 5,0
614,67 1533 -0,050683 0,406088 -32 236 -42 234 85 58 1,8 0,8 5,0
614,79 1533 -0,006723 -0,626801 141 223 157 222 101 59 1,8 0,8 5,0
615,07 1563 0,965466 1,649304 -66 114 -111 140 82 68 1,8 0,8 5,0
615,43 1592 0,129610 -0,361595 -79 77 -68 80 81 71 1,8 0,8 5,0
615,84 1601 0,042940 -0,304470 -113 103 -104 104 78 69 1,8 0,8 5,0
616,24 1613 0,097704 1,089044 -160 91 -190 93 74 70 1,8 0,8 5,0
616,65 1636 0,140955 0,804538 -197 79 -219 83 71 71 1,8 0,8 5,0
617,01 1622 -0,137038 0,731842 -230 65 -250 61 68 72 1,8 0,8 5,0
617,54 1680 -0,337134 0,516697 -345 68 -360 58 59 72 1,8 0,8 5,0
617,98 1667 -0,439814 0,527437 -426 67 -441 54 52 72 1,8 0,8 5,0
618,38 1625 -0,137214 0,854111 -519 79 -543 75 43 71 1,8 0,8 5,0
618,75 1590 -0,409311 1,284153 -587 90 -622 78 36 70 1,8 0,8 5,0
619,07 1550 -0,323819 0,793938 -649 75 -670 66 29 71 1,8 0,8 5,0
619,35 1519 0,218720 2,582392 -722 36 -791 41 21 74 1,8 0,8 5,0
619,92 1473 -0,673713 0,918232 -794 59 -817 41 12 72 1,8 0,8 5,0
620,28 1447 -0,033271 3,091393 -852 82 -931 81 5 70 1,8 0,8 5,0
671,23 1506 0,961366 -0,519722 192 -647 205 -621 106 130 1,8 0,8 5,0
671,31 1536 -0,223045 1,227554 207 -698 174 -703 107 133 1,8 0,8 5,0
671,72 1523 0,235806 -1,470022 205 -704 244 -697 107 134 1,8 0,8 5,0
671,92 1522 -0,189760 0,636355 216 -728 199 -733 108 136 1,8 0,8 5,0
672,53 1499 0,090114 -1,032478 234 -729 261 -726 110 137 1,8 0,8 5,0
672,77 1489 0,503250 0,919209 264 -749 240 -735 113 139 1,8 0,8 5,0
673,25 1474 0,740142 -0,069251 261 -729 262 -710 113 138 1,8 0,8 5,0
674,30 1491 -0,023940 -0,196313 254 -725 259 -725 112 137 1,8 0,8 5,0
674,67 1504 0,470710 0,835130 288 -744 266 -731 115 138 1,8 0,8 5,0
674,83 1518 0,047365 2,195897 237 -726 178 -724 110 136 1,8 0,8 5,0
675,07 1524 0,765454 0,282282 216 -729 208 -708 108 136 1,8 0,8 5,0
675,43 1533 0,666695 -0,264144 195 -721 202 -703 106 135 1,8 0,8 5,0
675,88 1546 0,044521 0,778148 153 -727 132 -725 102 135 1,8 0,8 5,0
676,16 1551 0,983897 1,044368 132 -717 103 -690 100 134 1,8 0,8 5,0
676,40 1462 0,546197 2,579056 20 -676 -45 -662 90 134 1,8 0,8 5,0
676,89 1506 0,250793 1,849609 -32 -672 -80 -665 85 132 1,8 0,8 5,0
677,37 1472 0,986526 1,980899 -94 -633 -144 -607 79 130 1,8 0,8 5,0
677,98 1538 0,997949 1,485281 -218 -561 -257 -534 68 122 1,8 0,8 5,0
678,26 1566 1,396466 0,495702 -333 -432 -346 -393 58 111 1,8 0,8 5,0
678,71 1680 1,935898 0,913179 -369 -381 -395 -324 57 105 1,8 0,8 5,0
678,95 1705 2,199286 1,807481 -472 -249 -526 -183 49 95 1,8 0,8 5,0
679,23 1738 2,566881 1,306725 -543 -211 -582 -133 44 92 1,8 0,8 5,0
679,60 1693 2,444992 0,659778 -709 13 -728 85 29 76 1,8 0,8 5,0
680,08 1673 1,641503 1,145787 -807 135 -840 182 20 67 1,8 0,8 5,0
680,40 1660 2,410004 1,606912 -884 242 -930 312 13 59 1,8 0,8 5,0
680,77 1671 2,597181 0,602771 -984 515 -1001 591 5 39 1,8 0,8 5,0
719,31 1601 -0,603689 1,218120 -659 38 -693 21 30 74 2,6 0,8 5,0
719,43 1601 -0,249434 1,297480 -704 51 -740 44 26 73 2,6 0,8 5,0
720,00 1587 -0,209618 -0,268913 -709 64 -701 58 25 72 2,6 0,8 5,0
720,24 1579 -0,004015 0,853688 -728 76 -751 75 23 71 2,6 0,8 5,0
720,81 1584 -0,956200 2,538725 -821 102 -892 75 15 69 2,6 0,8 5,0
721,05 1587 0,100524 -0,541344 -890 115 -875 117 9 68 2,6 0,8 5,0
721,29 1599 -0,287855 1,490983 -896 103 -937 94 9 69 2,6 0,8 5,0
721,58 1600 -0,244645 0,309130 -931 90 -939 83 6 70 2,6 0,8 5,0
721,94 1612 0,358051 0,968494 -961 78 -988 88 4 71 2,6 0,8 5,0
722,42 1627 0,147144 0,852651 -982 66 -1006 70 3 72 2,6 0,8 5,0
730,22 1592 0,444101 -1,308280 -576 0 -539 12 37 77 2,6 0,8 5,0
730,38 1686 0,187439 -1,756913 -586 0 -534 5 39 77 2,6 0,8 5,0
730,79 1691 0,263262 -1,403255 -588 -13 -546 -5 39 78 2,6 0,8 5,0
731,23 1615 0,117020 0,181387 -516 26 -521 29 43 75 2,6 0,8 5,0
731,68 1699 0,165318 -2,489746 -567 27 -493 31 41 75 2,6 0,8 5,0
732,20 1702 -0,567260 -0,039471 -555 27 -553 10 42 75 2,6 0,8 5,0
732,61 1709 -0,514195 -1,250379 -509 41 -471 25 46 74 2,6 0,8 5,0
732,97 1600 -1,422045 0,114094 -477 25 -480 -14 46 75 2,6 0,8 5,0
733,29 1634 -0,105354 0,355088 -464 26 -474 22 48 75 2,6 0,8 5,0
733,66 1597 -0,055672 -0,255932 -430 0 -422 -1 50 77 2,6 0,8 5,0
733,98 1610 0,281152 -0,501907 -388 -39 -373 -31 54 80 2,6 0,8 5,0
734,30 1610 -0,198343 0,658909 -342 -65 -360 -70 58 82 2,6 0,8 5,0
734,79 1610 -0,363462 -1,307816 -320 -52 -283 -62 60 81 2,6 0,8 5,0
734,99 1611 0,371440 -1,203753 -285 -52 -251 -41 63 81 2,6 0,8 5,0
735,31 1608 -0,271032 0,792226 -216 -78 -238 -85 69 83 2,6 0,8 5,0
735,56 1630 0,924468 -0,350320 -150 -119 -140 -92 75 86 2,6 0,8 5,0
735,84 1620 0,578950 0,576417 -115 -118 -131 -101 78 86 2,6 0,8 5,0
736,20 1642 1,323752 -1,064820 -58 -106 -27 -68 83 85 2,6 0,8 5,0
736,57 1654 0,732450 0,210530 -23 -67 -29 -45 86 82 2,6 0,8 5,0
737,13 1686 -0,471415 -0,003885 -11 -68 -10 -81 87 82 2,6 0,8 5,0
737,62 1709 0,068722 -0,480554 97 -97 111 -94 96 84 2,6 0,8 5,0
738,06 1698 -1,642528 -1,103996 108 -151 140 -199 97 88 2,6 0,8 5,0
738,63 1705 1,144222 -1,522908 133 -207 178 -172 99 92 2,6 0,8 5,0
738,99 1740 -1,333012 0,285026 160 -211 151 -251 101 92 2,6 0,8 5,0
739,39 1710 -0,569483 1,287100 145 -235 106 -252 100 94 2,6 0,8 5,0
739,68 1712 -0,808328 2,598706 109 -277 31 -301 97 97 2,6 0,8 5,0
740,00 1814 -0,070388 -0,648800 90 -309 110 -311 95 98 2,6 0,8 5,0
740,48 1691 -0,924254 -0,199162 60 -384 65 -411 93 105 2,6 0,8 5,0
741,05 1797 0,677906 -0,241393 51 -452 58 -430 92 108 2,6 0,8 5,0
741,54 1793 0,043214 0,559596 63 -451 45 -449 93 108 2,6 0,8 5,0
741,98 1793 0,812748 0,385590 89 -451 76 -425 95 108 2,6 0,8 5,0
742,51 1691 0,152438 1,601694 108 -411 60 -406 97 107 2,6 0,8 5,0
743,15 1710 1,011977 -0,441638 133 -388 146 -357 99 105 2,6 0,8 5,0
743,64 1759 0,383245 1,870985 162 -356 104 -344 101 102 2,6 0,8 5,0
743,92 1787 0,594147 0,743692 139 -362 115 -343 99 102 2,6 0,8 5,0
744,28 1814 0,748993 0,758112 115 -323 91 -299 97 99 2,6 0,8 5,0
744,57 1826 0,476092 1,930048 64 -311 2 -295 93 98 2,6 0,8 5,0
744,81 1836 1,790797 -0,005524 26 -312 26 -254 90 98 2,6 0,8 5,0
745,13 1876 1,580110 1,183513 -26 -258 -64 -206 86 94 2,6 0,8 5,0
745,41 1914 2,197525 0,078083 -67 -217 -69 -143 83 91 2,6 0,8 5,0
745,70 1923 1,509124 -0,004656 -150 -140 -149 -89 77 86 2,6 0,8 5,0
746,34 1970 1,082997 2,174193 -195 -111 -269 -73 74 84 2,6 0,8 5,0
746,79 1970 2,510507 0,442842 -517 63 -532 149 51 73 2,6 0,8 5,0
747,23 2060 1,354544 0,550752 -658 183 -677 231 43 66 2,6 0,8 5,0
747,72 1812 2,054958 1,278377 -681 323 -721 388 35 55 2,6 0,8 5,0
748,12 1992 1,913034 0,529665 -834 695 -852 761 29 34 2,6 0,8 5,0
748,93 1896 1,048475 -0,568731 -430 984 -411 1018 56 13 2,6 0,8 5,0
750,06 2100 -0,552426 2,156019 -864 1227 -943 1206 30 5 2,6 0,8 5,0
750,46 1788 -1,222525 2,263290 -710 1001 -781 963 32 8 2,6 0,8 5,0
750,79 1911 -0,782703 0,985798 -773 992 -805 965 31 13 2,6 0,8 5,0
751,31 1962 -0,583002 0,131442 1156 -668 1151 -687 171 119 2,6 0,8 5,0
751,76 1818 -1,182272 5,490014 826 -516 655 -553 152 112 2,6 0,8 5,0
752,24 2121 -1,376247 0,537258 813 -636 793 -687 142 114 2,7 0,8 5,0
752,61 2082 -1,727507 1,654606 946 -827 886 -890 152 126 2,7 0,8 5,0
752,85 2539 180,408510 -148,438825 1316 -1195 -3104 1213 161 135 2,7 0,8 5,0
753,13 1903 -7,756185 -14,743825 797 -355 1324 -617 147 100 2,7 0,8 5,0
753,33 1802 -12,205185 -22,601825 -345 -775 376 -1182 61 130 2,7 0,8 5,0
753,62 1649 -24,995185 -33,039825 -644 -240 304 -1033 33 95 2,7 0,8 5,0
753,98 1370 -33,489185 -29,068825 -447 700 250 -67 42 14 2,7 0,8 5,0
754,26 2396 -180,037154 155,272175 -476 855 1627 -856 60 33 2,7 0,8 5,0
754,99 879 180,000063 -180,007266 -436 356 436 -355 18 27 2,7 0,8 5,0
755,27 1030 -180,031051 -180,281897 -402 100 407 -100 33 65 2,7 0,8 5,0
755,64 2781 11,433815 3,967175 -612 789 -806 1367 57 42 2,7 0,8 5,0
755,88 2652 -180,000045 -180,000041 -659 -1226 659 1225 53 134 2,7 0,8 5,0
756,61 2190 13,821815 -136,648825 -279 -319 -1683 210 70 95 2,7 0,8 5,0
756,85 2105 -180,006030 -180,343478 -612 341 624 -341 47 57 2,7 0,8 5,0
757,13 1462 -180,000045 180,084665 -820 -189 817 188 9 93 2,7 0,8 5,0
757,49 1243 180,000063 -180,098411 370 232 -367 -231 130 54 2,7 0,8 5,0
757,90 1482 20,977815 -159,616825 747 -204 -1347 349 159 94 2,7 0,8 5,0
758,22 1839 14,374815 -168,517825 966 -820 -1359 -375 162 132 2,7 0,8 5,0
772,48 233 -33,125185 180,710336 -43 29 40 -112 61 61 2,7 0,8 5,0
772,93 214 -30,756185 180,462605 44 -36 -45 -169 117 98 2,7 0,8 5,0
773,33 1419 -33,175185 170,604175 594 -380 -367 -1381 147 110 2,7 0,8 5,0
773,94 213 22,171815 180,038532 -31 -22 30 63 67 90 2,7 0,8 5,0
774,34 212 24,871815 178,496175 48 -3 -42 94 120 79 2,7 0,8 5,0
774,87 211 0,092815 160,215175 49 -8 23 -7 121 82 2,7 0,8 5,0
775,31 253 -180,000045 180,034927 30 -14 -30 13 105 84 2,7 0,8 5,0
775,96 259 12,134815 31,374175 -23 18 -184 74 75 68 2,7 0,8 5,0
776,73 233 6,851815 43,078175 52 -47 -146 -19 120 102 2,7 0,8 5,0
777,05 679 2,031815 42,803175 9 -44 -616 -19 90 85 2,7 0,8 5,0
777,86 643 -5,898185 41,112175 -86 -41 -675 -107 69 85 2,7 0,8 5,0
778,34 623 -9,140185 41,874175 225 96 -256 -3 139 58 2,7 0,8 5,0
778,87 1263 -26,795185 42,069175 421 184 -572 -431 135 59 2,7 0,8 5,0
779,31 214 -27,343185 43,148175 56 53 -123 -50 125 46 2,7 0,8 5,0
780,08 217 -25,005185 43,047175 55 61 -127 -33 124 42 2,7 0,8 5,0
780,57 1493 -30,599185 41,070175 445 411 -710 -405 130 43 2,7 0,8 5,0
781,01 1612 -34,373185 41,053175 400 327 -873 -706 123 52 2,7 0,8 5,0
781,37 2166 -26,969185 40,431175 630 597 -1017 -432 129 43 2,7 0,8 5,0
781,70 2205 -25,317185 42,971175 579 447 -1262 -548 125 52 2,7 0,8 5,0
782,02 2369 -24,827185 43,349175 807 365 -1126 -693 136 58 2,7 0,8 5,0
782,51 1277 -16,400185 43,073175 380 207 -673 -160 130 57 2,7 0,8 5,0
783,07 1314 -13,674185 42,684175 317 245 -780 -67 122 54 2,7 0,8 5,0
783,60 1041 -15,093185 40,893175 236 177 -589 -97 120 56 2,7 0,8 5,0
784,04 1072 -15,623185 10,041175 274 226 88 -65 124 51 2,7 0,8 5,0
784,36 1073 -5,604185 36,090175 251 235 -471 130 121 50 2,7 0,8 5,0
784,89 1073 -7,453185 43,085175 251 243 -659 104 121 49 2,7 0,8 5,0
785,25 1185 -8,180185 42,845175 302 250 -687 82 124 51 2,7 0,8 5,0
785,54 875 -5,775185 41,435175 242 170 -449 82 127 53 2,7 0,8 5,0
785,78 941 2,985815 22,210175 200 259 -168 308 118 43 2,7 0,8 5,0
786,22 996 11,002815 2,011175 304 226 269 423 131 49 2,7 0,8 5,0
786,67 1024 8,364815 14,778175 283 232 22 385 127 49 2,7 0,8 5,0
786,99 1042 14,459815 14,075175 325 194 73 469 132 54 2,7 0,8 5,0
787,60 1064 27,720815 41,201175 370 233 -439 822 137 50 2,7 0,8 5,0
787,92 1079 31,888815 30,018175 390 245 -173 959 139 49 2,7 0,8 5,0
788,16 1082 14,164815 29,256175 399 70 -148 345 140 69 2,7 0,8 5,0
788,48 1081 13,639815 29,808175 368 271 -195 541 136 46 2,7 0,8 5,0
788,65 1084 10,356815 29,805175 354 263 -212 465 134 47 2,7 0,8 5,0
789,05 1093 14,416815 29,231175 349 292 -211 582 133 44 2,7 0,8 5,0
789,21 1093 11,159815 30,751175 372 363 -217 585 136 36 2,7 0,8 5,0
789,54 1098 14,213815 24,535175 374 356 -90 645 136 37 2,7 0,8 5,0
789,98 1108 17,448815 27,862175 354 332 -185 696 133 40 2,7 0,8 5,0
790,30 1116 18,148815 31,082175 348 289 -266 669 132 45 2,7 0,8 5,0
790,99 1110 10,249815 20,435175 362 360 -27 566 134 37 2,7 0,8 5,0
791,52 1110 10,680815 27,302175 394 423 -129 639 138 30 2,7 0,8 5,0
791,96 1116 12,590815 24,960175 372 434 -109 693 135 29 2,7 0,8 5,0
792,40 1119 15,190815 26,318175 365 372 -146 689 134 36 2,7 0,8 5,0
792,77 1117 7,844815 24,446175 356 362 -116 519 133 37 2,7 0,8 5,0
793,21 216 9,255815 22,403175 70 71 -13 107 134 36 2,7 0,8 5,0
793,82 1120 12,268815 24,979175 357 409 -127 662 133 32 2,7 0,8 5,0
794,22 1122 12,287815 23,776175 358 400 -103 653 133 33 2,7 0,8 5,0
794,38 1119 7,804815 23,822175 365 390 -95 547 134 34 2,7 0,8 5,0
794,67 1114 20,756815 36,618175 348 388 -394 837 132 34 2,7 0,8 5,0
795,03 1084 -7,449185 22,268175 338 387 -78 248 132 33 2,7 0,8 5,0
795,19 1086 -1,876185 26,446175 254 352 -256 316 121 37 2,7 0,8 5,0
795,64 1088 5,466815 28,287175 324 335 -217 440 130 39 2,7 0,8 5,0
796,08 1087 7,261815 31,668175 370 299 -235 439 136 43 2,7 0,8 5,0
796,57 1086 3,677815 34,540175 370 308 -298 378 136 42 2,7 0,8 5,0
796,89 1094 5,170815 31,438175 411 248 -187 348 141 49 2,7 0,8 5,0
797,25 1105 10,454815 29,736175 400 269 -170 477 139 47 2,7 0,8 5,0
797,86 1116 9,822815 25,728175 404 253 -89 449 139 49 2,7 0,8 5,0
798,55 1135 11,464815 21,075175 354 313 -58 549 132 43 2,7 0,8 5,0
798,87 1145 13,156815 21,761175 317 353 -115 630 127 39 2,7 0,8 5,0
799,07 1153 14,201815 22,065175 376 308 -61 609 134 44 2,7 0,8 5,0
799,35 1160 13,945815 18,717175 403 254 32 549 137 50 2,7 0,8 5,0
799,68 1162 12,874815 17,757175 379 292 25 565 134 46 2,7 0,8 5,0
800,08 1159 12,961815 19,765175 370 310 -23 584 133 44 2,7 0,8 5,0
800,48 1158 12,949815 19,953175 370 319 -26 593 133 43 2,7 0,8 5,0
800,93 1157 13,933815 21,489175 377 319 -50 615 134 43 2,7 0,8 5,0
801,21 1158 13,645815 20,510175 386 328 -21 618 135 42 2,7 0,8 5,0
801,49 1157 12,439815 19,061175 377 328 0 591 134 42 2,7 0,8 5,0
801,86 1157 12,251815 18,787175 394 328 22 586 136 42 2,7 0,8 5,0
802,22 1158 12,381815 19,154175 394 319 14 580 136 43 2,7 0,8 5,0
802,59 1157 12,985815 20,476175 377 319 -29 594 134 43 2,7 0,8 5,0
803,03 1156 13,676815 20,409175 385 328 -19 618 135 42 2,7 0,8 5,0
803,47 1156 11,883815 19,097175 394 309 16 559 136 44 2,7 0,8 5,0
803,84 1157 11,028815 18,204175 386 328 25 559 135 42 2,7 0,8 5,0
805,09 1153 12,613815 20,881175 392 327 -20 593 136 42 2,7 0,8 5,0
807,39 1148 12,296815 22,240175 391 335 -47 593 136 41 2,7 0,8 5,0
808,32 1153 14,809815 26,258175 433 261 -85 574 141 49 2,7 0,8 5,0
808,89 1178 14,428815 39,239175 409 372 -434 687 137 38 2,7 0,8 5,0
809,33 1225 18,852815 41,687175 408 367 -544 806 135 40 2,7 0,8 5,0
809,94 1177 18,619815 40,270175 342 362 -548 778 129 39 2,7 0,8 5,0
810,42 1160 18,964815 38,165175 461 188 -325 597 144 57 2,7 0,8 5,0
810,87 1156 15,916815 34,263175 361 375 -350 719 132 37 2,7 0,8 5,0
811,52 1163 13,364815 32,683175 363 368 -314 654 132 38 2,7 0,8 5,0
811,80 1157 14,823815 33,220175 427 300 -247 616 140 45 2,7 0,8 5,0
812,16 1149 16,303815 34,584175 310 391 -415 743 126 35 2,7 0,8 5,0
812,61 1148 13,831815 31,768175 456 260 -174 550 144 49 2,7 0,8 5,0
812,89 1159 14,628815 32,486175 436 348 -221 662 141 40 2,7 0,8 5,0
813,13 1154 14,831815 40,240175 270 458 -622 779 121 28 2,7 0,8 5,0
813,37 1145 12,918815 38,902175 439 288 -359 558 142 46 2,7 0,8 5,0
813,82 1145 8,634815 33,071175 349 362 -329 540 131 38 2,7 0,8 5,0
814,22 1152 14,819815 39,251175 368 430 -466 749 133 31 2,7 0,8 5,0
814,67 1163 5,579815 37,922175 379 453 -425 568 134 29 2,7 0,8 5,0
815,27 1150 5,161815 24,065175 367 466 -111 571 133 27 2,7 0,8 5,0
815,60 1159 3,472815 34,339175 362 517 -353 588 132 22 2,7 0,8 5,0
815,84 1179 10,605815 40,261175 443 583 -417 813 141 16 2,7 0,8 5,0
816,04 1165 11,566815 35,558175 421 567 -315 817 139 17 2,7 0,8 5,0
816,24 1156 4,215815 27,449175 418 553 -129 639 139 18 2,7 0,8 5,0
816,44 1150 2,183815 30,620175 375 522 -244 566 134 21 2,7 0,8 5,0
816,85 1144 11,573815 35,511175 373 510 -358 754 134 22 2,7 0,8 5,0
817,62 1139 2,594815 32,534175 331 462 -333 514 129 27 2,7 0,8 5,0
818,06 1151 2,392815 34,145175 375 541 -327 589 134 19 2,7 0,8 5,0
818,42 1155 4,458815 29,809175 442 571 -152 662 142 16 2,7 0,8 5,0
818,83 1151 4,871815 30,618175 392 523 -225 623 136 21 2,7 0,8 5,0
819,23 1151 0,601815 27,644175 400 541 -151 553 137 19 2,7 0,8 5,0
819,64 1151 2,383815 28,602175 433 579 -134 627 141 15 2,7 0,8 5,0
819,84 1151 2,842815 27,567175 449 579 -94 636 143 15 2,7 0,8 5,0
820,32 1156 2,005815 29,341175 426 553 -161 593 140 18 2,7 0,8 5,0
820,73 1157 2,660815 29,262175 402 516 -187 570 137 22 2,7 0,8 5,0
821,09 1155 8,903815 35,135175 410 524 -311 711 138 21 2,7 0,8 5,0
821,41 1162 16,463815 36,314175 387 518 -373 883 135 22 2,7 0,8 5,0
821,90 1162 9,650815 29,537175 371 443 -232 646 133 30 2,7 0,8 5,0
822,30 1151 9,640815 26,876175 351 457 -189 659 131 28 2,7 0,8 5,0
822,67 1146 6,918815 27,416175 227 297 -338 438 116 45 2,7 0,8 5,0
822,87 217 5,381815 29,240175 36 75 -80 95 112 34 2,7 0,8 5,0
823,23 1162 2,979815 33,266175 181 471 -545 532 110 27 2,7 0,8 5,0
823,80 1199 1,591815 38,680175 144 671 -775 704 105 8 2,7 0,8 5,0
825,74 1192 2,837815 25,864175 -8 503 -586 562 87 25 2,7 0,8 5,0
826,22 211 4,528815 20,290175 8 77 -69 93 94 32 2,7 0,8 5,0
826,46 211 12,047815 28,377175 -65 -49 -187 -5 44 106 2,7 0,8 5,0
826,83 211 13,443815 21,667175 -77 -51 -166 -1 36 107 2,7 0,8 5,0
827,15 211 8,389815 12,903175 4 83 -44 115 91 28 2,7 0,8 5,0
827,43 221 21,756815 11,486175 9 82 -35 176 94 31 2,7 0,8 5,0
827,84 213 4,387815 5,123175 22 72 2 88 103 35 2,7 0,8 5,0
828,24 265 -0,144185 14,018175 16 64 -49 63 97 47 2,7 0,8 5,0
828,48 219 3,692815 18,892175 7 46 -67 60 93 51 2,7 0,8 5,0
828,85 230 15,890815 27,993175 0 -59 -122 4 88 109 2,7 0,8 5,0
829,70 712 15,501815 23,129175 -343 -358 -677 -174 20 139 2,7 0,8 5,0
832,53 209 -4,254185 6,349175 109 20 86 4 162 65 2,7 0,8 5,0
872,93 210 -1,311126 2,592598 0 -73 -9 -77 88 120 2,7 0,8 5,0
873,37 219 -1,211075 1,821008 31 -69 24 -73 108 116 2,7 0,8 5,0
1132,69 1781 0,442716 -0,514520 -442 -925 -426 -911 53 141 2,7 0,8 5,0
1133,17 1801 0,135137 0,023976 -396 -906 -396 -901 57 139 2,7 0,8 5,0
1133,62 1830 -0,375064 -0,795381 -350 -891 -324 -902 61 137 2,7 0,8 5,0
1136,24 1851 0,753466 0,666626 -341 -946 -362 -921 62 140 2,7 0,8 5,0
1136,69 1851 1,536290 1,033629 -407 -901 -440 -851 57 137 2,7 0,8 5,0
1136,89 1836 0,257386 0,530527 -469 -864 -486 -855 52 135 2,7 0,8 5,0
1137,21 1841 0,959874 1,140200 -496 -851 -532 -820 50 134 2,7 0,8 5,0
1137,66 1845 0,534263 2,260652 -550 -853 -623 -835 46 134 2,7 0,8 5,0
1138,02 1842 1,114146 1,196786 -653 -822 -691 -786 38 132 2,7 0,8 5,0
1138,51 1859 0,890151 1,140728 -752 -784 -789 -755 31 129 2,7 0,8 5,0
1139,19 1871 0,838678 0,906005 -783 -774 -812 -746 29 128 2,7 0,8 5,0
1139,60 1867 0,670415 1,467596 -888 -666 -936 -644 21 121 2,7 0,8 5,0
1158,83 1720 -0,556641 0,938157 -574 -460 -602 -476 41 110 2,7 0,8 5,0
1158,91 1717 -0,145790 0,181191 -573 -501 -578 -505 41 113 2,7 0,8 5,0
1159,11 1654 -0,964808 -0,010905 -563 -496 -562 -523 40 114 2,7 0,8 5,0
1159,60 1664 -1,336821 1,584282 -531 -580 -577 -618 43 120 2,7 0,8 5,0
1159,84 1687 -0,954826 -1,108945 -527 -629 -494 -657 44 123 2,7 0,8 5,0
1160,12 1693 -0,355639 -1,055384 -456 -631 -424 -641 50 123 2,7 0,8 5,0
1160,40 1734 0,334577 -0,684801 -381 -647 -360 -636 57 123 2,7 0,8 5,0
1160,61 1746 -0,426661 -2,148734 -297 -665 -231 -678 64 124 2,7 0,8 5,0
1161,17 1836 0,251893 -0,655860 -299 -700 -278 -691 65 124 2,7 0,8 5,0
1161,54 1762 0,674682 -0,428107 -275 -672 -261 -651 66 124 2,7 0,8 5,0
1161,82 1785 0,172684 0,389732 -215 -637 -227 -631 71 121 2,7 0,8 5,0
1162,10 1865 0,107293 -0,281087 -225 -650 -215 -646 71 120 2,7 0,8 5,0
1162,71 1776 0,572266 1,556569 -214 -590 -262 -572 71 118 2,7 0,8 5,0
1162,91 1787 0,906407 0,457243 -253 -551 -267 -522 68 115 2,7 0,8 5,0
1163,31 1799 0,665841 1,597151 -281 -569 -331 -548 66 116 2,7 0,8 5,0
1163,72 1894 0,721846 1,439903 -390 -553 -437 -529 59 113 2,7 0,8 5,0
1164,00 1912 0,643158 0,171188 -502 -558 -507 -536 51 113 2,7 0,8 5,0
1164,40 1906 0,507658 -0,384949 -554 -541 -541 -524 47 112 2,7 0,8 5,0
1164,85 1902 0,810636 0,928379 -594 -540 -624 -513 44 112 2,7 0,8 5,0
1165,25 1899 1,704250 0,268905 -620 -477 -628 -420 42 108 2,7 0,8 5,0
1165,62 1821 1,763000 -0,609822 -620 -398 -600 -342 40 104 2,7 0,8 5,0
1165,86 1859 1,283881 0,088225 -660 -377 -662 -335 38 102 2,7 0,8 5,0
1166,14 1871 0,986240 -0,279503 -664 -303 -654 -270 38 97 2,7 0,8 5,0
1166,71 1871 0,715385 -0,867558 -664 -151 -635 -127 38 87 2,7 0,8 5,0
1167,15 1882 1,622289 -0,484384 -601 -45 -585 8 43 80 2,7 0,8 5,0
1167,43 1794 1,635826 -0,485354 -547 0 -531 51 45 77 2,7 0,8 5,0
1167,84 1819 2,066449 -1,553586 -503 147 -453 212 49 67 2,7 0,8 5,0
1168,08 1832 0,573192 -0,270154 -533 386 -524 404 47 51 2,7 0,8 5,0
1168,40 1983 1,618844 -1,452288 -253 305 -202 361 70 58 2,7 0,8 5,0
1168,73 1900 0,741110 -1,520629 -458 801 -407 825 54 25 2,7 0,8 5,0
1169,29 1936 0,696927 -1,216378 -426 911 -384 934 57 19 2,7 0,8 5,0
1169,74 2025 0,426155 -0,267427 -388 985 -378 1000 61 17 2,7 0,8 5,0
1170,06 2023 0,134832 -2,040819 -387 1034 -315 1038 61 14 2,7 0,8 5,0
1170,63 1883 -0,367460 0,015497 -213 947 -213 934 72 15 2,7 0,8 5,0
1170,91 1865 -0,632362 0,994973 -52 847 -84 826 84 21 2,7 0,8 5,0
1171,31 1891 -0,128490 -0,475908 -26 813 -10 808 86 24 2,7 0,8 5,0
1171,60 1886 -1,078367 1,163139 254 704 215 668 107 31 2,7 0,8 5,0
1172,04 1915 -1,706639 0,413242 -13 745 -26 688 87 29 2,7 0,8 5,0
1172,32 1975 -2,620239 0,705002 0 641 -24 551 88 37 2,7 0,8 5,0
1172,61 2038 -2,607942 0,139299 28 380 23 287 90 54 2,7 0,8 5,0
1172,93 2101 -2,892893 0,787620 59 272 30 166 92 61 2,7 0,8 5,0
1173,29 2154 -3,355255 1,546087 30 -34 -28 -160 90 79 2,7 0,8 5,0
1173,78 2248 -4,129021 2,229561 -15 -291 -102 -454 87 93 2,7 0,8 5,0
1174,18 1976 -4,523166 2,649566 -84 -513 -175 -670 82 109 2,7 0,8 5,0
1174,51 1896 -2,993249 2,425116 107 -523 26 -622 96 111 2,7 0,8 5,0
