time xmove ymove altitude xerror xintegral yerror yintegral
9,41 0 0 -2310 0 0 0 0
9,45 0 0 -2376 0 0 0 0
9,49 -414 1872 -2486 -322 -92 1456 416
9,54 -414 1872 -2464 -322 -92 1456 416
9,62 -414 1872 -2552 -322 -92 1456 416
9,66 -468 1998 -2552 -364 -104 1554 444
9,74 -468 1998 -2552 -364 -104 1554 444
9,78 -468 1998 -2640 -364 -104 1554 444
9,86 -468 1998 -2596 -364 -104 1554 444
9,90 -468 1998 -2552 -364 -104 1554 444
9,98 -468 1998 -2442 -364 -104 1554 444
10,10 -468 1998 -2310 -364 -104 1554 444
10,14 -468 1998 -2178 -364 -104 1554 444
10,34 -468 1998 -1892 -364 -104 1554 444
10,38 -774 1746 -1804 -602 -172 1358 388
10,42 -774 1746 -1760 -602 -172 1358 388
10,51 -774 1620 -1584 -602 -172 1260 360
10,55 -774 1620 -1496 -602 -172 1260 360
10,63 -774 1620 -1452 -602 -172 1260 360
10,71 -774 1620 -1386 -602 -172 1260 360
10,75 -774 1620 -1232 -602 -172 1260 360
10,79 -774 1620 -1188 -602 -172 1260 360
10,83 -819 1494 -1188 -637 -182 1162 332
10,91 -819 1494 -1144 -637 -182 1162 332
11,07 -819 1494 -858 -637 -182 1162 332
11,11 -774 1242 -836 -602 -172 966 276
11,15 -819 1062 -682 -637 -182 826 236
11,23 -819 1062 -550 -637 -182 826 236
11,23 -720 810 -682 -560 -160 630 180
11,27 -774 810 -660 -602 -172 630 180
11,35 -774 873 -550 -602 -172 679 194
11,35 -774 873 -550 -602 -172 679 194
11,39 -774 873 -462 -602 -172 679 194
11,47 -927 873 -550 -721 -206 679 194
11,52 -927 873 -572 -721 -206 679 194
11,60 -927 747 -572 -721 -206 581 166
11,72 -819 495 66 -637 -182 385 110
11,76 -819 495 -418 -637 -182 385 110
11,84 -819 369 -352 -637 -182 287 82
11,88 -819 306 -242 -637 -182 238 68
11,92 -720 117 44 -560 -160 91 26
11,96 -621 0 -396 -483 -138 0 0
12,08 -621 -126 -308 -483 -138 -98 -28
12,12 -513 -252 -198 -399 -114 -196 -56
12,16 -513 -378 -352 -399 -114 -294 -84
12,20 -414 -504 -506 -322 -92 -392 -112
12,20 -360 -630 -528 -280 -80 -490 -140
12,24 -315 -756 -462 -245 -70 -588 -168
12,36 -162 -1008 -330 -126 -36 -784 -224
12,40 -108 -1125 -286 -84 -24 -875 -250
12,44 0 -1251 -330 0 0 -973 -278
12,53 99 -1314 -286 77 22 -1022 -292
12,57 198 -1377 -110 154 44 -1071 -306
12,65 198 -1377 -220 154 44 -1071 -306
12,69 306 -1629 -242 238 68 -1267 -362
12,77 405 -1692 -154 315 90 -1316 -376
12,77 504 -1755 220 392 112 -1365 -390
12,85 612 -1881 -110 476 136 -1463 -418
12,89 657 -1881 -66 511 146 -1463 -418
13,01 918 -2007 0 714 204 -1561 -446
13,09 918 -2007 -44 714 204 -1561 -446
13,25 1071 -1881 22 833 238 -1463 -418
13,29 1125 -1881 66 875 250 -1463 -418
13,33 1125 -1881 44 875 250 -1463 -418
13,41 1170 -1755 22 910 260 -1365 -390
13,45 1170 -1755 22 910 260 -1365 -390
13,49 1224 -1566 22 952 272 -1218 -348
13,54 1323 -1440 88 1029 294 -1120 -320
13,62 1323 -1377 88 1029 294 -1071 -306
13,66 1323 -1251 154 1029 294 -973 -278
13,74 1377 -1125 88 1071 306 -875 -250
13,78 1323 -1008 88 1029 294 -784 -224
13,82 1323 -1008 132 1029 294 -784 -224
13,94 1323 -504 44 1029 294 -392 -112
13,98 1323 -252 110 1029 294 -196 -56
14,06 1224 -63 -22 952 272 -49 -14
14,10 1224 117 -22 952 272 91 26
14,10 1224 306 -22 952 272 238 68
14,22 1224 495 -44 952 272 385 110
14,26 1224 621 0 952 272 483 138
14,42 1224 873 -88 952 272 679 194
14,42 1278 999 -88 994 284 777 222
14,55 1170 1242 -132 910 260 966 276
14,63 1170 1242 -132 910 260 966 276
14,67 1071 1494 -176 833 238 1162 332
14,71 1017 1620 -176 791 226 1260 360
14,83 1017 1620 -154 791 226 1260 360
14,91 1017 1620 -176 791 226 1260 360
14,95 963 1872 -198 749 214 1456 416
14,99 963 1872 -198 749 214 1456 416
15,15 765 1998 -242 595 170 1554 444
15,19 765 1998 -242 595 170 1554 444
15,31 765 1998 -264 595 170 1554 444
15,43 765 1998 -352 595 170 1554 444
15,52 765 1998 -352 595 170 1554 444
15,64 765 1998 -22 595 170 1554 444
15,72 153 1746 -154 119 34 1358 388
15,84 153 1746 -242 119 34 1358 388
16,04 -207 684 -396 -161 -46 532 152
16,12 -360 243 -352 -280 -80 189 54
16,24 -414 243 -220 -322 -92 189 54
16,36 -414 -378 -374 -322 -92 -294 -84
16,44 -414 -504 -484 -322 -92 -392 -112
16,48 -414 -630 -440 -322 -92 -490 -140
16,53 -414 -630 -352 -322 -92 -490 -140
16,57 -414 -882 -418 -322 -92 -686 -196
16,61 -414 -1008 -308 -322 -92 -784 -224
16,65 -414 -1251 -264 -322 -92 -973 -278
16,69 -315 -1377 -264 -245 -70 -1071 -306
16,77 -315 -1503 -110 -245 -70 -1169 -334
16,85 -315 -1692 -176 -245 -70 -1316 -376
16,89 -261 -1818 66 -203 -58 -1414 -404
17,01 -108 -2133 44 -84 -24 -1659 -474
17,05 -108 -2250 0 -84 -24 -1750 -500
17,09 0 -2376 66 0 0 -1848 -528
17,17 99 -2502 -22 77 22 -1946 -556
17,21 99 -2502 0 77 22 -1946 -556
17,29 198 -2628 66 154 44 -2044 -584
17,37 198 -2754 198 154 44 -2142 -612
17,41 306 -2754 88 238 68 -2142 -612
17,45 405 -2754 66 315 90 -2142 -612
17,54 405 -2754 0 315 90 -2142 -612
17,58 504 -2880 66 392 112 -2240 -640
17,70 711 -2754 66 553 158 -2142 -612
17,74 711 -2628 -22 553 158 -2044 -584
17,74 810 -2565 -44 630 180 -1995 -570
17,82 864 -2502 66 672 192 -1946 -556
17,86 918 -2376 22 714 204 -1848 -528
17,90 1017 -2196 88 791 226 -1708 -488
17,94 1017 -2070 88 791 226 -1610 -460
18,02 1071 -1881 44 833 238 -1463 -418
18,06 1125 -1692 44 875 250 -1316 -376
18,14 1224 -1377 110 952 272 -1071 -306
18,18 1224 -1071 220 952 272 -833 -238
18,22 1224 -882 132 952 272 -686 -196
18,38 1431 117 154 1113 318 91 26
18,55 1431 117 176 1113 318 91 26
18,59 1377 873 44 1071 306 679 194
18,67 1323 1179 154 1029 294 917 262
18,71 1323 1179 132 1029 294 917 262
18,75 1323 1179 176 1029 294 917 262
18,83 1125 2061 176 875 250 1603 458
18,87 1125 2061 176 875 250 1603 458
18,95 1125 2061 198 875 250 1603 458
18,99 1125 2061 176 875 250 1603 458
19,03 963 2808 220 749 214 2184 624
19,11 963 2808 220 749 214 2184 624
19,15 864 3123 264 672 192 2429 694
19,19 864 3123 242 672 192 2429 694
19,35 918 3492 154 714 204 2716 776
19,43 963 3492 44 749 214 2716 776
19,47 810 3186 44 630 180 2478 708
19,56 810 3186 66 630 180 2478 708
19,60 810 3186 44 630 180 2478 708
19,64 810 3186 0 630 180 2478 708
19,68 810 3186 -22 630 180 2478 708
19,72 810 3186 -44 630 180 2478 708
19,76 306 2430 -154 238 68 1890 540
19,80 252 2124 -220 196 56 1652 472
19,88 99 1872 -264 77 22 1456 416
20,04 0 1683 -352 0 0 1309 374
20,08 0 1683 -374 0 0 1309 374
20,16 0 1620 -264 0 0 1260 360
20,20 0 1620 -418 0 0 1260 360
20,28 0 1305 -440 0 0 1015 290
20,32 0 936 -352 0 0 728 208
20,40 0 684 -242 0 0 532 152
20,44 0 369 -594 0 0 287 82
20,48 0 117 -726 0 0 91 26
20,57 99 -126 -770 77 22 -98 -28
20,61 198 -252 -726 154 44 -196 -56
20,65 306 -504 -858 238 68 -392 -112
20,77 459 -1188 -792 357 102 -924 -264
20,85 504 -1377 -946 392 112 -1071 -306
20,89 504 -1629 -748 392 112 -1267 -362
20,93 612 -1692 -902 476 136 -1316 -376
21,01 711 -1881 -814 553 158 -1463 -418
21,05 810 -2007 -748 630 180 -1561 -446
21,09 810 -2250 -748 630 180 -1750 -500
21,13 918 -2376 -638 714 204 -1848 -528
21,17 1017 -2502 -594 791 226 -1946 -556
21,21 1125 -2565 -572 875 250 -1995 -570
21,33 1224 -2691 -462 952 272 -2093 -598
21,37 1323 -2880 -330 1029 294 -2240 -640
21,41 1431 -2880 -396 1113 318 -2240 -640
21,49 1530 -3006 -484 1190 340 -2338 -668
21,54 1530 -3006 -352 1190 340 -2338 -668
21,58 1629 -3069 -198 1267 362 -2387 -682
21,66 1737 -3132 -264 1351 386 -2436 -696
21,70 1737 -3132 -154 1351 386 -2436 -696
21,74 1737 -3006 -154 1351 386 -2338 -668
21,82 1737 -2943 -176 1351 386 -2289 -654
21,82 1836 -3006 -154 1428 408 -2338 -668
21,86 1836 -3006 -154 1428 408 -2338 -668
21,94 1836 -3006 -88 1428 408 -2338 -668
21,98 1935 -2754 -44 1505 430 -2142 -612
22,02 1935 -2628 0 1505 430 -2044 -584
22,10 1935 -2628 -44 1505 430 -2044 -584
22,14 1836 -2070 22 1428 408 -1610 -460
22,30 1836 -1503 132 1428 408 -1169 -334
22,34 1836 -1251 44 1428 408 -973 -278
22,42 1890 -1071 154 1470 420 -833 -238
22,46 1935 -945 110 1505 430 -735 -210
22,51 2043 -819 154 1589 454 -637 -182
22,59 2142 -504 220 1666 476 -392 -112
22,63 2196 -252 220 1708 488 -196 -56
22,67 2250 0 88 1750 500 0 0
22,71 2250 180 132 1750 500 140 40
22,79 2250 180 154 1750 500 140 40
22,79 2349 621 154 1827 522 483 138
22,87 2349 873 220 1827 522 679 194
23,03 2250 1242 242 1750 500 966 276
23,07 2250 1368 176 1750 500 1064 304
23,11 2250 1557 176 1750 500 1211 346
23,15 2250 1620 220 1750 500 1260 360
23,23 2142 1683 286 1666 476 1309 374
23,27 2142 1683 198 1666 476 1309 374
23,31 1935 1809 176 1505 430 1407 402
23,35 1935 1872 154 1505 430 1456 416
23,39 1935 1872 330 1505 430 1456 416
23,52 1584 1746 242 1232 352 1358 388
23,52 1431 1683 154 1113 318 1309 374
23,60 1323 1620 132 1029 294 1260 360
23,72 1017 1368 220 791 226 1064 304
23,80 810 1242 308 630 180 966 276
23,84 711 1125 220 553 158 875 250
23,88 504 873 506 392 112 679 194
23,96 306 621 418 238 68 483 138
24,00 198 369 44 154 44 287 82
24,04 99 54 66 77 22 42 12
24,12 0 -252 66 0 0 -196 -56
24,16 -108 -630 -88 -84 -24 -490 -140
24,20 -207 -1008 -154 -161 -46 -784 -224
24,24 -315 -1377 -176 -245 -70 -1071 -306
24,36 -315 -1377 -242 -245 -70 -1071 -306
24,44 -720 -2502 -110 -560 -160 -1946 -556
24,48 -873 -2880 -154 -679 -194 -2240 -640
24,57 -1026 -3132 -176 -798 -228 -2436 -696
24,61 -1125 -3438 -110 -875 -250 -2674 -764
24,65 -1386 -3879 -176 -1078 -308 -3017 -862
24,69 -1593 -4131 -110 -1239 -354 -3213 -918
24,73 -1593 -4131 -132 -1239 -354 -3213 -918
24,77 -1593 -4131 -110 -1239 -354 -3213 -918
24,85 -1593 -4131 -110 -1239 -354 -3213 -918
24,93 -1593 -4131 66 -1239 -354 -3213 -918
24,97 -1593 -4131 -22 -1239 -354 -3213 -918
25,01 -1593 -4131 110 -1239 -354 -3213 -918
25,05 -1593 -4131 -66 -1239 -354 -3213 -918
25,13 -2358 -4005 88 -1834 -524 -3115 -890
25,17 -2358 -3627 264 -1834 -524 -2821 -806
25,29 -2457 -3258 -22 -1911 -546 -2534 -724
25,33 -2565 -3501 -132 -1995 -570 -2723 -778
25,37 -2763 -3879 -110 -2149 -614 -3017 -862
25,45 -2763 -3879 -7920 -2149 -614 -3017 -862
25,54 -3069 -4131 -7788 -2387 -682 -3213 -918
25,58 -3069 -4131 -7898 -2387 -682 -3213 -918
25,62 -3177 -4131 -7700 -2471 -706 -3213 -918
25,66 -3123 -3942 -88 -2429 -694 -3066 -876
25,74 -3177 -3816 -242 -2471 -706 -2968 -848
25,74 -3069 -3564 -7414 -2387 -682 -2772 -792
25,82 -3069 -3501 -7502 -2387 -682 -2723 -778
25,82 -3177 -3501 -7172 -2471 -706 -2723 -778
25,98 -3177 -3501 374 -2471 -706 -2723 -778
26,06 -3177 -3501 396 -2471 -706 -2723 -778
26,10 -3177 -3258 -4928 -2471 -706 -2534 -724
26,14 -3177 -3132 1144 -2471 -706 -2436 -696
26,18 -2970 -2817 858 -2310 -660 -2191 -626
26,26 -2763 -2439 968 -2149 -614 -1897 -542
26,30 -2718 -2133 1012 -2114 -604 -1659 -474
26,34 -2718 -2133 1276 -2114 -604 -1659 -474
26,38 -2970 -1818 1342 -2310 -660 -1414 -404
26,46 -2970 -1629 1606 -2310 -660 -1267 -362
26,51 -2871 -1377 1430 -2233 -638 -1071 -306
26,63 -2565 -693 1738 -1995 -570 -539 -154
26,71 -2565 -693 1672 -1995 -570 -539 -154
26,75 -2565 -693 1760 -1995 -570 -539 -154
26,79 -2565 -693 1738 -1995 -570 -539 -154
26,83 -2565 -693 1760 -1995 -570 -539 -154
26,83 -2565 -693 1738 -1995 -570 -539 -154
26,91 -2565 -693 1738 -1995 -570 -539 -154
26,95 -2565 -693 1804 -1995 -570 -539 -154
27,03 -2565 -693 1760 -1995 -570 -539 -154
27,11 -2565 -693 1782 -1995 -570 -539 -154
27,15 -2565 -693 1540 -1995 -570 -539 -154
27,23 -2565 -693 1474 -1995 -570 -539 -154
27,39 -2565 -693 1078 -1995 -570 -539 -154
27,52 -2565 -693 550 -1995 -570 -539 -154
27,60 -2565 -693 374 -1995 -570 -539 -154
27,64 -2565 -693 176 -1995 -570 -539 -154
27,72 -2565 -693 66 -1995 -570 -539 -154
27,80 -2565 -693 -154 -1995 -570 -539 -154
27,84 -2565 -693 -352 -1995 -570 -539 -154
27,84 -2565 -693 -484 -1995 -570 -539 -154
27,92 -2565 -693 -572 -1995 -570 -539 -154
27,92 -2565 -693 -528 -1995 -570 -539 -154
28,00 -2565 -693 -352 -1995 -570 -539 -154
28,04 1935 2934 -154 1505 430 2282 652
28,04 1935 2934 -88 1505 430 2282 652
28,16 1935 2934 -5962 1505 430 2282 652
28,28 1935 2934 -8272 1505 430 2282 652
28,32 1935 2934 -7810 1505 430 2282 652
28,40 1935 2934 -7414 1505 430 2282 652
28,53 1935 2934 -5060 1505 430 2282 652
28,57 1935 2934 -4356 1505 430 2282 652
28,65 1935 2934 -3894 1505 430 2282 652
28,69 1935 2934 -4752 1505 430 2282 652
28,73 1935 2934 -4224 1505 430 2282 652
28,81 1935 2934 2640 1505 430 2282 652
28,89 1935 2934 2178 1505 430 2282 652
28,97 1935 2934 2178 1505 430 2282 652
29,05 1935 2934 -7348 1505 430 2282 652
29,17 1935 2934 -12188 1505 430 2282 652
39,19 1935 2934 -2750 1505 430 2282 652
39,27 1935 2934 -2992 1505 430 2282 652
39,31 1935 2934 -2882 1505 430 2282 652
39,43 1935 2934 -3278 1505 430 2282 652
39,47 1935 2934 -3520 1505 430 2282 652
39,56 -162 1242 -3630 -126 -36 966 276
39,64 -162 1242 -3762 -126 -36 966 276
39,68 -162 1242 -3608 -126 -36 966 276
39,76 -162 1242 -3674 -126 -36 966 276
39,76 198 747 -3300 154 44 581 166
39,84 198 747 -3828 154 44 581 166
39,88 198 747 -3762 154 44 581 166
39,96 504 369 -3850 392 112 287 82
40,00 612 306 -3850 476 136 238 68
40,12 918 54 -3630 714 204 42 12
40,20 918 54 -3564 714 204 42 12
40,28 1125 -63 -3278 875 250 -49 -14
40,32 1125 -126 -3146 875 250 -98 -28
40,40 1125 -252 -3080 875 250 -196 -56
40,40 1125 -252 -2926 875 250 -196 -56
40,44 1224 -441 -2794 952 272 -343 -98
40,48 1224 -504 -2728 952 272 -392 -112
40,53 1224 -504 -2618 952 272 -392 -112
40,61 1224 -630 -2464 952 272 -490 -140
40,61 1224 -630 -2398 952 272 -490 -140
40,65 1224 -630 -2288 952 272 -490 -140
40,77 1170 -567 -1958 910 260 -441 -126
40,85 1125 -504 -1980 875 250 -392 -112
40,93 1125 -504 -1936 875 250 -392 -112
40,97 1125 -504 -1804 875 250 -392 -112
41,01 1017 -504 -1760 791 226 -392 -112
41,09 963 -378 -1672 749 214 -294 -84
41,13 918 -315 -1628 714 204 -245 -70
41,21 864 -315 -1584 672 192 -245 -70
41,25 810 -315 -1606 630 180 -245 -70
41,29 711 -252 -1540 553 158 -196 -56
41,29 612 -252 -1584 476 136 -196 -56
41,41 504 -189 -1386 392 112 -147 -42
41,49 405 -189 -1276 315 90 -147 -42
41,54 306 -189 -1232 238 68 -147 -42
41,62 306 -126 -1232 238 68 -98 -28
41,66 198 -252 -1166 154 44 -196 -56
41,70 99 -252 -1166 77 22 -196 -56
41,78 99 -252 -968 77 22 -196 -56
41,78 0 -252 -770 0 0 -196 -56
41,78 0 -252 -1012 0 0 -196 -56
41,86 -108 -189 -1122 -84 -24 -147 -42
41,90 -162 -189 -1100 -126 -36 -147 -42
41,94 -162 -189 -924 -126 -36 -147 -42
42,02 -162 -189 -990 -126 -36 -147 -42
42,06 -162 -189 -1188 -126 -36 -147 -42
42,10 -162 -189 -1276 -126 -36 -147 -42
42,18 -108 -252 -1254 -84 -24 -196 -56
42,34 0 -378 -1188 0 0 -294 -84
42,38 0 -441 -1276 0 0 -343 -98
42,42 45 -504 -1210 35 10 -392 -112
42,51 99 -567 -880 77 22 -441 -126
42,55 153 -567 -1056 119 34 -441 -126
42,63 198 -756 -1100 154 44 -588 -168
42,67 306 -756 -880 238 68 -588 -168
42,71 351 -882 -1056 273 78 -686 -196
42,79 405 -945 -1100 315 90 -735 -210
42,83 459 -1008 -1100 357 102 -784 -224
42,87 504 -1071 -880 392 112 -833 -238
42,95 612 -1188 -1166 476 136 -924 -264
43,07 711 -1377 -1144 553 158 -1071 -306
43,11 810 -1503 -1122 630 180 -1169 -334
43,15 810 -1629 -1166 630 180 -1267 -362
43,19 918 -1692 -1232 714 204 -1316 -376
43,23 918 -1818 -1100 714 204 -1414 -404
43,31 1017 -1944 -1034 791 226 -1512 -432
43,35 1071 -2070 -1056 833 238 -1610 -460
43,43 1125 -2133 -1034 875 250 -1659 -474
43,47 1224 -2196 -968 952 272 -1708 -488
43,56 1224 -2250 -1012 952 272 -1750 -500
43,60 1224 -2196 -968 952 272 -1708 -488
43,72 1224 -2196 -792 952 272 -1708 -488
43,76 1125 -2196 -792 875 250 -1708 -488
43,88 1071 -2133 -550 833 238 -1659 -474
43,92 1017 -2133 -484 791 226 -1659 -474
43,96 1017 -2133 -484 791 226 -1659 -474
44,04 963 -2070 -440 749 214 -1610 -460
44,12 963 -2007 -308 749 214 -1561 -446
44,12 963 -1944 -308 749 214 -1512 -432
44,20 1017 -1818 -264 791 226 -1414 -404
44,28 1017 -1755 88 791 226 -1365 -390
44,32 1017 -1629 0 791 226 -1267 -362
44,36 1017 -1503 22 791 226 -1169 -334
44,40 1071 -1377 -154 833 238 -1071 -306
44,48 1125 -1251 -44 875 250 -973 -278
44,61 1170 -882 -110 910 260 -686 -196
44,65 1224 -756 110 952 272 -588 -168
44,73 1278 -630 -44 994 284 -490 -140
44,77 1278 -630 -110 994 284 -490 -140
44,81 1431 -378 -110 1113 318 -294 -84
44,89 1530 -126 22 1190 340 -98 -28
44,93 1629 0 176 1267 362 0 0
44,97 1683 243 242 1309 374 189 54
45,01 1836 369 132 1428 408 287 82
45,09 2043 621 220 1589 454 483 138
45,13 2043 621 132 1589 454 483 138
45,21 2349 999 418 1827 522 777 222
45,33 2655 1368 330 2065 590 1064 304
45,37 2754 1494 352 2142 612 1162 332
45,41 2754 1494 440 2142 612 1162 332
45,45 3060 1683 242 2380 680 1309 374
45,54 3060 1683 286 2380 680 1309 374
45,62 3321 1872 242 2583 738 1456 416
45,62 3321 1872 264 2583 738 1456 416
45,66 3168 1935 198 2464 704 1505 430
45,70 3168 1935 242 2464 704 1505 430
45,82 3267 1998 198 2541 726 1554 444
45,86 3267 1998 176 2541 726 1554 444
45,90 3267 1998 176 2541 726 1554 444
46,02 3267 2124 110 2541 726 1652 472
46,10 3060 1998 66 2380 680 1554 444
46,14 2862 1872 -22 2226 636 1456 416
46,22 2862 1872 22 2226 636 1456 416
46,22 2862 1872 0 2226 636 1456 416
46,30 2754 1683 -154 2142 612 1309 374
46,34 2754 1746 -176 2142 612 1358 388
46,42 2754 1746 -220 2142 612 1358 388
46,46 2349 1368 -220 1827 522 1064 304
46,51 2349 1368 -308 1827 522 1064 304
46,55 2349 1305 -264 1827 522 1015 290
46,71 2250 999 -440 1750 500 777 222
46,75 2250 999 -484 1750 500 777 222
46,83 2349 747 -462 1827 522 581 166
46,87 2403 621 -506 1869 534 483 138
46,91 2349 432 -572 1827 522 336 96
46,95 2250 243 -572 1750 500 189 54
47,03 2250 0 -638 1750 500 0 0
47,11 2250 -126 -638 1750 500 -98 -28
47,15 2250 -378 -572 1750 500 -294 -84
47,19 2250 -630 -704 1750 500 -490 -140
47,27 2250 -819 -726 1750 500 -637 -182
47,27 2142 -1008 -770 1666 476 -784 -224
47,31 2142 -1314 -814 1666 476 -1022 -292
47,39 2142 -1629 -858 1666 476 -1267 -362
47,43 2142 -1881 -770 1666 476 -1463 -418
47,52 2142 -2070 -858 1666 476 -1610 -460
47,64 2043 -2565 -902 1589 454 -1995 -570
47,68 2043 -2754 -880 1589 454 -2142 -612
47,76 2043 -2943 -946 1589 454 -2289 -654
47,84 2043 -3069 -792 1589 454 -2387 -682
47,88 1935 -3258 -880 1505 430 -2534 -724
47,92 1935 -3258 -836 1505 430 -2534 -724
47,96 1782 -3438 -858 1386 396 -2674 -764
48,00 1782 -3438 -792 1386 396 -2674 -764
48,08 1431 -3564 -704 1113 318 -2772 -792
48,12 1224 -3438 -792 952 272 -2674 -764
48,20 1017 -3375 -748 791 226 -2625 -750
48,24 864 -3258 -682 672 192 -2534 -724
48,40 504 -3501 -484 392 112 -2723 -778
48,44 351 -3627 -264 273 78 -2821 -806
48,48 198 -3816 -440 154 44 -2968 -848
48,53 0 -3816 -264 0 0 -2968 -848
48,61 -207 -3942 -220 -161 -46 -3066 -876
48,69 -207 -3942 -176 -161 -46 -3066 -876
48,73 -207 -3942 -242 -161 -46 -3066 -876
48,81 -927 -4005 -264 -721 -206 -3115 -890
48,85 -1125 -4005 -264 -875 -250 -3115 -890
48,89 -1287 -3942 -242 -1001 -286 -3066 -876
48,93 -1440 -3753 -176 -1120 -320 -2919 -834
49,09 -1845 -4005 -198 -1435 -410 -3115 -890
49,13 -1944 -4005 -242 -1512 -432 -3115 -890
49,17 -2052 -4005 -242 -1596 -456 -3115 -890
49,25 -2097 -3879 -44 -1631 -466 -3017 -862
49,29 -2151 -3753 -220 -1673 -478 -2919 -834
49,37 -2250 -3564 -22 -1750 -500 -2772 -792
49,41 -2358 -3375 0 -1834 -524 -2625 -750
49,41 -2358 -3069 -242 -1834 -524 -2387 -682
49,49 -2358 -2754 66 -1834 -524 -2142 -612
49,54 -2304 -2376 -110 -1792 -512 -1848 -528
49,62 -2250 -2070 0 -1750 -500 -1610 -460
49,66 -2097 -1755 66 -1631 -466 -1365 -390
49,78 -1440 -1125 -88 -1120 -320 -875 -250
49,82 -1125 -882 -88 -875 -250 -686 -196
49,86 -1125 -882 132 -875 -250 -686 -196
49,94 -621 -252 -44 -483 -138 -196 -56
50,02 -261 117 -242 -203 -58 91 26
50,06 0 495 -154 0 0 385 110
50,10 351 810 -44 273 78 630 180
50,18 351 810 -88 273 78 630 180
50,22 351 810 -88 273 78 630 180
50,26 351 810 22 273 78 630 180
50,34 351 810 -66 273 78 630 180
50,38 351 810 -44 273 78 630 180
50,42 351 810 22 273 78 630 180
50,46 2709 3123 0 2107 602 2429 694
50,55 2709 3123 132 2107 602 2429 694
50,59 2709 3123 154 2107 602 2429 694
50,75 2709 3123 66 2107 602 2429 694
50,79 2709 3123 264 2107 602 2429 694
50,83 2709 3123 154 2107 602 2429 694
50,87 2709 3123 330 2107 602 2429 694
50,91 2709 3123 264 2107 602 2429 694
50,99 2709 3123 242 2107 602 2429 694
51,07 2709 3123 308 2107 602 2429 694
51,11 2709 3123 176 2107 602 2429 694
51,15 2709 3123 286 2107 602 2429 694
51,23 2709 3123 396 2107 602 2429 694
51,27 2709 3123 242 2107 602 2429 694
51,39 2709 3123 462 2107 602 2429 694
51,43 2709 3123 330 2107 602 2429 694
51,47 2709 3123 330 2107 602 2429 694
51,56 2709 3123 352 2107 602 2429 694
51,60 2709 3123 374 2107 602 2429 694
51,68 2709 3123 374 2107 602 2429 694
51,72 2709 3123 308 2107 602 2429 694
51,76 2709 3123 352 2107 602 2429 694
51,84 2808 4122 286 2184 624 3206 916
51,88 2709 4122 330 2107 602 3206 916
51,92 2601 4122 396 2023 578 3206 916
52,00 2601 4122 374 2023 578 3206 916
52,12 2601 4122 594 2023 578 3206 916
52,16 2601 4122 506 2023 578 3206 916
52,28 2601 4122 550 2023 578 3206 916
52,28 2601 4122 374 2023 578 3206 916
52,36 2601 4122 264 2023 578 3206 916
52,40 2601 4122 242 2023 578 3206 916
52,44 1935 2745 132 1505 430 2135 610
52,53 1935 2745 88 1505 430 2135 610
52,57 1530 1431 176 1190 340 1113 318
52,65 1629 1368 198 1267 362 1064 304
52,69 1890 1746 88 1470 420 1358 388
52,77 2655 2808 44 2065 590 2184 624
52,93 3015 3123 44 2345 670 2429 694
53,01 3060 3249 0 2380 680 2527 722
53,05 3060 3249 -44 2380 680 2527 722
53,13 3420 3375 -22 2660 760 2625 750
53,17 3474 3375 -44 2702 772 2625 750
53,21 3474 3375 -44 2702 772 2625 750
53,29 3474 3375 -22 2702 772 2625 750
53,37 3321 2745 -154 2583 738 2135 610
53,41 3267 2682 -66 2541 726 2086 596
53,45 3267 2682 -220 2541 726 2086 596
53,49 3060 2187 -154 2380 680 1701 486
53,58 3060 1998 -440 2380 680 1554 444
53,58 2862 1620 -440 2226 636 1260 360
53,74 2655 747 -682 2065 590 581 166
53,82 2655 369 -858 2065 590 287 82
53,86 2655 54 -858 2065 590 42 12
53,94 2655 -252 -1078 2065 590 -196 -56
53,98 2556 -819 -1144 1988 568 -637 -182
54,02 2556 -1251 -1144 1988 568 -973 -278
54,10 2448 -1629 -1298 1904 544 -1267 -362
54,14 2448 -2133 -1364 1904 544 -1659 -474
54,18 2448 -2502 -1452 1904 544 -1946 -556
54,26 2403 -3132 -1408 1869 534 -2436 -696
54,26 2349 -3501 -1584 1827 522 -2723 -778
54,34 2349 -3942 -1518 1827 522 -3066 -876
54,46 2349 -3942 -1474 1827 522 -3066 -876
54,51 2349 -3942 -3608 1827 522 -3066 -876
54,55 2349 -3942 -3212 1827 522 -3066 -876
54,59 2349 -3942 -3300 1827 522 -3066 -876
54,67 2349 -3942 -1254 1827 522 -3066 -876
54,75 2349 -3942 -990 1827 522 -3066 -876
54,79 2349 -3942 -374 1827 522 -3066 -876
54,87 2349 -3942 -616 1827 522 -3066 -876
54,87 2349 -3942 -528 1827 522 -3066 -876
54,95 2349 -3942 -154 1827 522 -3066 -876
55,03 2349 -3942 -154 1827 522 -3066 -876
55,15 2349 -3942 66 1827 522 -3066 -876
55,15 2349 -3942 154 1827 522 -3066 -876
55,27 2349 -3942 66 1827 522 -3066 -876
55,27 2349 -3942 198 1827 522 -3066 -876
55,35 2349 -3942 132 1827 522 -3066 -876
55,43 2349 -3942 110 1827 522 -3066 -876
55,47 2349 -3942 66 1827 522 -3066 -876
55,52 2349 -3942 110 1827 522 -3066 -876
55,60 2349 -3942 22 1827 522 -3066 -876
55,64 2349 -3942 154 1827 522 -3066 -876
55,68 2349 -3942 0 1827 522 -3066 -876
55,72 2349 -3942 -44 1827 522 -3066 -876
55,88 2349 -3942 132 1827 522 -3066 -876
55,92 2349 -3942 -22 1827 522 -3066 -876
56,08 2349 -3942 -66 1827 522 -3066 -876
56,16 2349 -3942 -220 1827 522 -3066 -876
56,24 2349 -3942 -242 1827 522 -3066 -876
56,24 2349 -3942 -198 1827 522 -3066 -876
56,32 2349 -3942 -308 1827 522 -3066 -876
56,36 2349 -3942 -242 1827 522 -3066 -876
56,40 2349 -3942 -286 1827 522 -3066 -876
56,48 2349 -3942 -330 1827 522 -3066 -876
56,53 2349 -3942 -286 1827 522 -3066 -876
56,53 2349 -3942 -352 1827 522 -3066 -876
56,61 2349 -3942 -286 1827 522 -3066 -876
56,65 2349 -3942 -308 1827 522 -3066 -876
56,77 2349 -3942 -286 1827 522 -3066 -876
56,89 2349 -3942 -88 1827 522 -3066 -876
56,97 2349 -3942 -264 1827 522 -3066 -876
57,01 2349 -3942 -88 1827 522 -3066 -876
57,09 2349 -3942 -154 1827 522 -3066 -876
57,13 2349 -3942 -110 1827 522 -3066 -876
57,21 2349 -3942 44 1827 522 -3066 -876
57,25 2349 -3942 -88 1827 522 -3066 -876
57,29 2349 -3942 -44 1827 522 -3066 -876
57,33 2349 -3942 44 1827 522 -3066 -876
57,49 2349 -3942 44 1827 522 -3066 -876
57,54 2349 -3942 88 1827 522 -3066 -876
57,62 2349 -3942 220 1827 522 -3066 -876
57,66 2349 -3942 66 1827 522 -3066 -876
57,74 2349 -3942 154 1827 522 -3066 -876
57,78 2349 -3942 308 1827 522 -3066 -876
57,82 2349 -3942 88 1827 522 -3066 -876
57,86 2349 -3942 0 1827 522 -3066 -876
57,94 2349 -3942 88 1827 522 -3066 -876
58,02 2349 -3942 66 1827 522 -3066 -876
58,06 2349 -3942 22 1827 522 -3066 -876
58,18 2349 -3942 -66 1827 522 -3066 -876
58,26 2349 -3942 -110 1827 522 -3066 -876
58,26 2349 -3942 -44 1827 522 -3066 -876
58,34 2349 -3942 -176 1827 522 -3066 -876
58,38 2349 -3942 -154 1827 522 -3066 -876
58,46 2349 -3942 -110 1827 522 -3066 -876
58,51 2349 -3942 -110 1827 522 -3066 -876
58,55 2349 -3942 -44 1827 522 -3066 -876
58,59 2349 -3942 -88 1827 522 -3066 -876
58,67 2349 -3942 -176 1827 522 -3066 -876
58,71 2349 -3942 -176 1827 522 -3066 -876
58,75 2349 -3942 -66 1827 522 -3066 -876
58,75 2349 -3942 -220 1827 522 -3066 -876
58,83 2349 -3942 -110 1827 522 -3066 -876
58,87 2349 -3942 -66 1827 522 -3066 -876
58,95 2349 -3942 -242 1827 522 -3066 -876
59,11 2349 -3942 -176 1827 522 -3066 -876
59,15 2349 -3942 -154 1827 522 -3066 -876
59,19 2349 -3942 -176 1827 522 -3066 -876
59,23 2349 -3942 -22 1827 522 -3066 -876
59,31 2349 -3942 220 1827 522 -3066 -876
59,35 2349 -3942 0 1827 522 -3066 -876
59,39 2349 -3942 -220 1827 522 -3066 -876
59,47 2349 -3942 -88 1827 522 -3066 -876
59,52 2349 -3942 -132 1827 522 -3066 -876
59,56 2349 -3942 -22 1827 522 -3066 -876
59,60 2349 -3942 -132 1827 522 -3066 -876
59,64 2349 -3942 -66 1827 522 -3066 -876
59,76 2349 -3942 -154 1827 522 -3066 -876
59,80 2349 -3942 -110 1827 522 -3066 -876
59,88 2349 -3942 -110 1827 522 -3066 -876
59,96 2349 -3942 -154 1827 522 -3066 -876
60,00 2349 -3942 -176 1827 522 -3066 -876
60,08 2349 -3942 -110 1827 522 -3066 -876
60,12 2349 -3942 -264 1827 522 -3066 -876
60,16 2349 -3942 704 1827 522 -3066 -876
60,24 2349 -3942 -264 1827 522 -3066 -876
60,28 2349 -3942 -242 1827 522 -3066 -876
60,36 2349 -3942 -176 1827 522 -3066 -876
60,48 2349 -3942 -330 1827 522 -3066 -876
60,53 2349 -3942 -330 1827 522 -3066 -876
60,61 2349 -3942 -374 1827 522 -3066 -876
60,65 2448 -4320 -352 1904 544 -3360 -960
60,69 2448 -4320 -286 1904 544 -3360 -960
60,73 2448 -4320 -242 1904 544 -3360 -960
60,81 2448 -4320 -330 1904 544 -3360 -960
60,89 2448 -4320 -264 1904 544 -3360 -960
60,93 2448 -4320 -352 1904 544 -3360 -960
60,97 2448 -4320 -374 1904 544 -3360 -960
61,01 2448 -4320 -418 1904 544 -3360 -960
61,09 2448 -4320 -374 1904 544 -3360 -960
61,25 2448 -4320 -242 1904 544 -3360 -960
61,33 2448 -4320 -2794 1904 544 -3360 -960
61,37 2556 -2880 -2992 1988 568 -2240 -640
61,41 2556 -2880 -2442 1988 568 -2240 -640
61,45 2655 -2502 -3036 2065 590 -1946 -556
61,54 2709 -2628 -2530 2107 602 -2044 -584
61,58 2862 -3006 -2398 2226 636 -2338 -668
61,66 2862 -3006 748 2226 636 -2338 -668
61,70 2862 -3006 1056 2226 636 -2338 -668
61,78 2862 -3006 1496 2226 636 -2338 -668
61,82 2862 -3006 1518 2226 636 -2338 -668
61,90 2862 -3006 2178 2226 636 -2338 -668
61,90 3114 -3753 -286 2422 692 -2919 -834
61,94 3114 -3753 -220 2422 692 -2919 -834
62,02 2655 -3132 462 2065 590 -2436 -696
62,10 2556 -3132 3476 1988 568 -2436 -696
62,22 2403 -3321 4444 1869 534 -2583 -738
62,30 2349 -3501 5104 1827 522 -2723 -778
62,34 2403 -3627 5368 1869 534 -2821 -806
62,38 2349 -3753 5544 1827 522 -2919 -834
62,42 2196 -3816 5698 1708 488 -2968 -848
62,51 2196 -3816 6160 1708 488 -2968 -848
62,55 2196 -3816 6028 1708 488 -2968 -848
62,59 2196 -3816 4290 1708 488 -2968 -848
62,67 1683 -3753 6182 1309 374 -2919 -834
62,71 1683 -3753 6248 1309 374 -2919 -834
62,79 1170 -3132 6072 910 260 -2436 -696
62,95 810 -2628 5544 630 180 -2044 -584
62,95 711 -2628 5368 553 158 -2044 -584
63,03 711 -2628 5082 553 158 -2044 -584
63,11 657 -2754 4774 511 146 -2142 -612
63,15 612 -2817 4268 476 136 -2191 -626
63,19 504 -2754 4158 392 112 -2142 -612
63,23 459 -2628 4070 357 102 -2044 -584
63,31 405 -2502 3564 315 90 -1946 -556
63,31 405 -2502 2992 315 90 -1946 -556
63,39 405 -2628 2816 315 90 -2044 -584
63,43 351 -2502 2552 273 78 -1946 -556
63,52 306 -2439 2288 238 68 -1897 -542
63,60 306 -2439 1606 238 68 -1897 -542
63,68 198 -1944 1452 154 44 -1512 -432
63,72 198 -1692 1298 154 44 -1316 -376
63,76 198 -1440 1188 154 44 -1120 -320
63,84 198 -1008 1606 154 44 -784 -224
63,88 198 -693 1166 154 44 -539 -154
63,92 153 -504 1144 119 34 -392 -112
64,00 99 -189 1760 77 22 -147 -42
64,04 99 -189 1078 77 22 -147 -42
64,12 99 -189 1056 77 22 -147 -42
64,12 0 936 880 0 0 728 208
64,16 0 1242 902 0 0 966 276
64,20 0 1242 902 0 0 966 276
64,36 0 1242 946 0 0 966 276
64,57 0 1242 1034 0 0 966 276
64,61 0 1242 1034 0 0 966 276
64,65 0 1242 1122 0 0 966 276
64,73 0 1242 1078 0 0 966 276
64,77 0 1242 1100 0 0 966 276
64,85 0 1242 946 0 0 966 276
64,89 0 1242 924 0 0 966 276
64,93 0 1242 924 0 0 966 276
64,97 0 1242 858 0 0 966 276
65,01 0 1242 858 0 0 966 276
65,05 0 1242 858 0 0 966 276
65,21 0 1242 770 0 0 966 276
65,25 0 1242 748 0 0 966 276
65,33 0 1242 616 0 0 966 276
65,37 0 1242 638 0 0 966 276
65,45 0 1242 528 0 0 966 276
65,54 0 1242 550 0 0 966 276
65,54 0 1242 440 0 0 966 276
65,62 0 1242 462 0 0 966 276
65,66 -1233 3312 572 -959 -274 2576 736
65,70 -1233 3312 550 -959 -274 2576 736
65,78 -1125 3186 374 -875 -250 2478 708
65,78 -1125 3249 374 -875 -250 2527 722
65,94 -1125 3249 440 -875 -250 2527 722
65,98 -1125 3249 396 -875 -250 2527 722
66,06 -1125 3249 374 -875 -250 2527 722
66,14 -1125 3249 440 -875 -250 2527 722
66,18 -1125 3249 330 -875 -250 2527 722
66,18 -1125 3249 286 -875 -250 2527 722
66,26 -1125 3249 308 -875 -250 2527 722
66,34 -1125 3249 242 -875 -250 2527 722
66,38 -513 2808 484 -399 -114 2184 624
66,46 -261 2556 396 -203 -58 1988 568
66,51 -108 2430 286 -84 -24 1890 540
66,55 -108 2430 132 -84 -24 1890 540
66,67 198 2745 44 154 44 2135 610
66,75 306 2682 44 238 68 2086 596
66,79 306 2682 -88 238 68 2086 596
66,83 504 2250 88 392 112 1750 500
66,91 711 2124 0 553 158 1652 472
66,95 810 2124 -44 630 180 1652 472
67,03 918 1809 66 714 204 1407 402
67,07 1125 1683 -198 875 250 1309 374
67,11 1323 1368 -286 1029 294 1064 304
67,15 1530 1179 -308 1190 340 917 262
67,19 1737 873 -264 1351 386 679 194
67,35 2448 -252 -418 1904 544 -196 -56
67,39 2655 -630 -418 2065 590 -490 -140
67,47 2862 -945 -330 2226 636 -735 -210
67,60 3474 -1881 -484 2702 772 -1463 -418
67,64 3474 -1881 -4488 2702 772 -1463 -418
67,72 3834 -2628 -374 2982 852 -2044 -584
67,88 3834 -2628 -154 2982 852 -2044 -584
67,88 3834 -2628 44 2982 852 -2044 -584
67,88 3834 -2628 44 2982 852 -2044 -584
68,00 3834 -2628 88 2982 852 -2044 -584
68,08 3834 -2628 396 2982 852 -2044 -584
68,16 3834 -2628 594 2982 852 -2044 -584
68,20 3834 -2628 704 2982 852 -2044 -584
68,32 2448 -2376 -2926 1904 544 -1848 -528
68,36 2448 -2376 902 1904 544 -1848 -528
68,40 2142 -2250 902 1666 476 -1750 -500
68,44 2043 -2133 858 1589 454 -1659 -474
68,48 2142 -2313 1056 1666 476 -1799 -514
68,57 2142 -2313 616 1666 476 -1799 -514
68,65 2142 -2313 242 1666 476 -1799 -514
68,77 2043 -2628 -22 1589 454 -2044 -584
68,81 1836 -2376 -66 1428 408 -1848 -528
68,89 1476 -1881 -176 1148 328 -1463 -418
68,97 1530 -2007 -286 1190 340 -1561 -446
69,05 1629 -2133 -396 1267 362 -1659 -474
69,09 1530 -2133 -352 1190 340 -1659 -474
69,13 1530 -2007 -352 1190 340 -1561 -446
69,25 1323 -1881 -440 1029 294 -1463 -418
69,45 1125 -1377 -66 875 250 -1071 -306
69,49 1071 -1188 -286 833 238 -924 -264
69,54 1125 -1071 -242 875 250 -833 -238
69,62 1125 -945 -242 875 250 -735 -210
69,70 1170 -441 -286 910 260 -343 -98
69,82 1323 54 -286 1029 294 42 12
69,86 1377 180 -22 1071 306 140 40
69,98 1377 180 -220 1071 306 140 40
70,10 1737 936 -176 1351 386 728 208
70,22 1737 999 -220 1351 386 777 222
70,30 1935 1242 -176 1505 430 966 276
70,38 1989 1242 -44 1547 442 966 276
70,42 2043 1125 22 1589 454 875 250
70,51 2043 999 -44 1589 454 777 222
70,55 1836 810 -66 1428 408 630 180
70,63 1782 747 -22 1386 396 581 166
70,67 1683 495 -22 1309 374 385 110
70,75 1323 117 44 1029 294 91 26
70,87 918 -315 22 714 204 -245 -70
70,91 918 -315 44 714 204 -245 -70
70,99 612 -630 88 476 136 -490 -140
71,03 405 -882 176 315 90 -686 -196
71,07 306 -1071 176 238 68 -833 -238
71,11 99 -1314 154 77 22 -1022 -292
71,23 -207 -1881 242 -161 -46 -1463 -418
71,31 -414 -2250 286 -322 -92 -1750 -500
71,35 -513 -2502 374 -399 -114 -1946 -556
71,39 -513 -2502 352 -399 -114 -1946 -556
71,47 -720 -2943 352 -560 -160 -2289 -654
71,52 -774 -3132 440 -602 -172 -2436 -696
71,60 -774 -3132 506 -602 -172 -2436 -696
71,64 -927 -3501 264 -721 -206 -2723 -778
71,64 -1026 -3753 396 -798 -228 -2919 -834
71,72 -1125 -4005 352 -875 -250 -3115 -890
71,76 -1125 -4005 330 -875 -250 -3115 -890
71,84 -1125 -4005 308 -875 -250 -3115 -890
71,88 -1125 -4005 264 -875 -250 -3115 -890
71,92 -1125 -4005 242 -875 -250 -3115 -890
72,00 -1125 -4005 418 -875 -250 -3115 -890
72,04 -1125 -4005 308 -875 -250 -3115 -890
72,20 -1125 -4005 374 -875 -250 -3115 -890
72,24 -1539 -4005 264 -1197 -342 -3115 -890
72,32 -1638 -3879 242 -1274 -364 -3017 -862
72,40 -1638 -3879 264 -1274 -364 -3017 -862
72,44 -1845 -3501 132 -1435 -410 -2723 -778
72,48 -1845 -3501 154 -1435 -410 -2723 -778
72,57 -2250 -3942 220 -1750 -500 -3066 -876
72,57 -2358 -4005 44 -1834 -524 -3115 -890
72,65 -2457 -4068 88 -1911 -546 -3164 -904
72,73 -2457 -4068 220 -1911 -546 -3164 -904
72,77 -2457 -4068 110 -1911 -546 -3164 -904
72,85 -2457 -4068 -44 -1911 -546 -3164 -904
73,01 -2565 -4131 -132 -1995 -570 -3213 -918
73,05 -2457 -3879 308 -1911 -546 -3017 -862
73,09 -2250 -3564 -176 -1750 -500 -2772 -792
73,13 -2151 -3375 -242 -1673 -478 -2625 -750
73,17 -2052 -3375 -308 -1596 -456 -2625 -750
73,21 -2151 -3627 -220 -1673 -478 -2821 -806
73,29 -2151 -3627 -330 -1673 -478 -2821 -806
73,33 -2151 -3627 -330 -1673 -478 -2821 -806
73,41 -1746 -3753 -396 -1358 -388 -2919 -834
73,49 -1440 -3690 -198 -1120 -320 -2870 -820
73,54 -1125 -3501 -88 -875 -250 -2723 -778
73,66 -1125 -3501 -154 -875 -250 -2723 -778
73,66 -315 -3321 44 -245 -70 -2583 -738
73,74 -108 -3321 -308 -84 -24 -2583 -738
73,78 0 -3258 -264 0 0 -2534 -724
73,82 0 -3258 -44 0 0 -2534 -724
73,98 711 -2439 -220 553 158 -1897 -542
74,06 918 -2070 -242 714 204 -1610 -460
74,10 1224 -1566 -264 952 272 -1218 -348
74,14 1431 -1188 -286 1113 318 -924 -264
74,22 1629 -882 -220 1267 362 -686 -196
74,22 1836 -567 -132 1428 408 -441 -126
74,38 2250 369 44 1750 500 287 82
74,42 2448 747 44 1904 544 581 166
74,51 2655 1242 132 2065 590 966 276
74,51 2862 1746 88 2226 636 1358 388
74,59 3060 2250 110 2380 680 1750 500
74,63 3060 2250 374 2380 680 1750 500
74,67 3060 2250 352 2380 680 1750 500
74,71 3573 4122 462 2779 794 3206 916
74,79 3573 4122 374 2779 794 3206 916
74,87 3573 4122 374 2779 794 3206 916
74,87 3573 4122 -7348 2779 794 3206 916
74,95 3573 4122 -7568 2779 794 3206 916
75,03 3573 4122 440 2779 794 3206 916
75,07 3573 4122 -7150 2779 794 3206 916
75,11 3573 4122 594 2779 794 3206 916
75,23 3573 4122 880 2779 794 3206 916
75,27 3573 4122 990 2779 794 3206 916
75,35 3573 4122 902 2779 794 3206 916
75,43 3573 4122 946 2779 794 3206 916
75,47 3573 4122 990 2779 794 3206 916
75,52 3573 4122 1034 2779 794 3206 916
75,60 3573 4122 1078 2779 794 3206 916
75,64 3573 4122 1078 2779 794 3206 916
75,68 3573 4122 990 2779 794 3206 916
75,76 3573 4122 1034 2779 794 3206 916
75,80 3573 4122 1034 2779 794 3206 916
75,96 3573 4122 770 2779 794 3206 916
76,00 3573 4122 748 2779 794 3206 916
76,04 3573 4122 682 2779 794 3206 916
76,08 3573 4122 484 2779 794 3206 916
76,16 3573 4122 418 2779 794 3206 916
76,24 3573 4122 330 2779 794 3206 916
76,28 3573 4122 308 2779 794 3206 916
76,32 3573 4122 110 2779 794 3206 916
76,36 3573 4122 88 2779 794 3206 916
76,44 3573 4122 66 2779 794 3206 916
76,48 3573 4122 110 2779 794 3206 916
76,53 3573 4122 -22 2779 794 3206 916
76,65 3573 4122 -110 2779 794 3206 916
76,73 3573 4122 -88 2779 794 3206 916
76,77 3573 4122 88 2779 794 3206 916
76,81 3573 4122 0 2779 794 3206 916
76,89 3573 4122 -110 2779 794 3206 916
76,93 3573 4122 -44 2779 794 3206 916
77,01 3573 4122 -88 2779 794 3206 916
77,09 3573 4122 0 2779 794 3206 916
77,13 3573 4122 -88 2779 794 3206 916
77,17 3573 4122 22 2779 794 3206 916
77,21 3573 4122 -44 2779 794 3206 916
77,29 3573 4122 0 2779 794 3206 916
77,33 3573 4122 22 2779 794 3206 916
77,37 3573 4122 44 2779 794 3206 916
77,45 3573 4122 132 2779 794 3206 916
77,58 3573 4122 -7876 2779 794 3206 916
77,62 3573 4122 -8228 2779 794 3206 916
77,70 3573 4122 -7788 2779 794 3206 916
77,78 3573 4122 -8250 2779 794 3206 916
77,86 3573 4122 -8382 2779 794 3206 916
77,94 3573 4122 -8492 2779 794 3206 916
77,98 3573 4122 -8470 2779 794 3206 916
78,06 3573 4122 -8118 2779 794 3206 916
78,18 3573 4122 -7678 2779 794 3206 916
78,26 3573 4122 -7106 2779 794 3206 916
78,30 3573 4122 -6886 2779 794 3206 916
78,34 3573 4122 -6490 2779 794 3206 916
78,38 3573 4122 -5808 2779 794 3206 916
78,42 3573 4122 -5038 2779 794 3206 916
78,46 3573 4122 -5016 2779 794 3206 916
78,55 3573 4122 -3916 2779 794 3206 916
78,59 3573 4122 4554 2779 794 3206 916
78,75 3573 4122 -1782 2779 794 3206 916
78,83 3573 4122 -1870 2779 794 3206 916
78,87 3573 4122 -2046 2779 794 3206 916
79,03 3573 4122 -2156 2779 794 3206 916
79,11 3573 4122 -2530 2779 794 3206 916
