3,84 0
3,85 0
3,87 -2002
3,88 -2002
3,89 -1386
3,90 -1386
3,92 -1254
3,95 -1254
3,97 -1254
3,99 -506
4,01 -506
4,02 242
4,03 484
4,03 484
4,05 1496
4,05 2244
4,09 4114
4,10 5104
4,11 5742
4,12 6358
4,17 6358
4,17 6358
4,20 6358
4,21 6358
4,22 6358
4,24 6358
4,25 6358
4,26 6358
4,28 6358
4,29 6358
4,32 6358
4,34 2486
4,36 1738
4,36 748
4,38 110
4,41 -1254
4,43 -1254
4,44 -1254
4,46 -1254
4,47 -1254
4,48 -1254
4,49 -1254
4,51 -1254
4,52 -2750
4,54 -2640
4,55 -2640
4,58 -3520
4,61 -4004
4,61 -4268
4,63 -4268
4,64 -4268
4,65 -4378
4,67 -4510
4,68 -4268
4,69 -4004
4,70 -3520
4,71 -3256
4,74 -2134
4,76 -1518
4,77 -1012
4,78 -1012
4,79 -1012
4,81 -1012
4,83 -1012
4,84 -1012
4,85 -1012
4,86 -1012
4,89 -1012
4,90 -1012
4,93 -1012
4,95 -1012
4,96 -1012
4,97 -1012
4,99 -1012
5,00 -1012
5,02 -1012
5,03 -1012
5,04 -1012
5,06 -1012
5,08 -1012
5,09 -1012
5,11 -1012
5,13 -1012
5,15 -1012
5,16 -1012
5,18 -1012
5,19 -1012
5,20 -1012
5,22 -1012
5,24 -1012
5,26 -1012
5,28 -1012
5,30 -1012
5,33 -1012
5,37 -1012
5,40 -1012
5,42 -1012
5,43 -1012
5,44 -1012
5,45 -1012
5,46 -1012
5,48 -1012
5,52 -1012
5,53 -1012
5,54 -1012
5,56 -1012
5,57 -1012
5,58 -1012
5,60 -1012
5,62 -1012
5,63 -1012
5,65 -1012
5,65 -1012
5,68 -1012
5,70 -1012
5,72 -1012
5,76 -1012
5,77 -1012
5,78 -1012
5,79 -1012
5,80 -1012
5,82 -1012
5,83 -1012
5,84 -1012
5,85 -1012
5,86 -1012
5,88 -1012
5,89 -1012
5,93 -1012
5,95 -1012
5,97 -1012
6,00 -1012
6,00 -1012
6,02 -1012
6,03 -1012
6,04 -1012
6,08 -1012
7,37 -1012
7,38 -5764
7,40 -5764
7,40 -5632
7,41 -6270
7,42 -6270
7,46 -6270
7,49 -6270
7,50 -6270
7,51 -7018
7,52 -6006
7,53 -4642
7,55 -4268
7,56 -5500
7,57 -5500
7,62 -8008
7,65 -6138
7,66 -6270
7,68 -6270
7,69 -7018
7,71 -7018
7,72 -7018
7,73 -7018
7,75 -4642
7,76 -4136
7,78 -4136
7,79 -1892
7,80 -1892
7,83 -638
7,84 374
7,87 374
7,88 3124
7,89 3872
7,91 3872
7,92 3872
7,93 3872
7,95 3872
7,96 3872
7,97 3872
7,99 3872
8,03 3872
8,05 3872
8,06 3872
8,07 3872
8,09 3872
8,10 3872
8,11 3872
8,12 3872
8,15 3872
8,17 3872
8,18 3872
8,20 3872
8,21 3872
8,25 3872
8,27 3872
8,28 3872
8,29 3872
8,31 3872
8,32 3872
8,33 3872
8,35 3872
8,37 3872
8,38 3872
8,39 3872
8,41 3872
8,43 3872
8,45 3872
8,46 3872
8,48 3872
8,49 3872
8,50 3872
8,52 3872
8,54 3872
8,55 3872
8,57 3872
8,58 3872
8,59 3872
8,63 3872
8,64 3872
8,65 3872
8,67 3872
8,68 3872
8,70 3872
8,71 3872
8,73 3872
8,74 3872
8,76 3872
8,77 3872
8,79 3872
8,82 3872
8,83 3872
8,85 3872
8,86 3872
8,88 3872
8,89 3872
8,90 3872
8,91 3872
8,93 3872
8,95 3872
8,97 3872
9,00 3872
9,01 3872
9,05 3872
9,06 3872
9,07 3872
9,09 3872
9,10 3872
9,12 3872
9,13 3872
9,14 3872
9,15 3872
9,17 3872
9,18 3872
9,20 3872
9,22 3872
9,24 3872
11,64 4114
11,65 4246
11,67 4246
11,68 4620
11,69 5236
11,70 6358
11,71 6732
11,72 6732
11,73 7370
11,77 7612
11,79 7612
11,81 7612
11,82 6864
11,82 6864
11,84 4488
11,85 2992
11,91 2992
11,93 242
11,96 -880
11,99 -2002
12,01 -4004
12,01 -4004
12,02 -5764
12,03 -5764
12,06 -5764
12,08 -5764
12,11 -5764
12,12 -5764
13,31 242
13,32 242
13,34 0
13,35 0
13,37 0
13,38 0
13,39 110
13,41 110
13,42 374
13,43 484
13,44 484
13,46 484
13,47 748
13,48 990
13,49 1122
13,53 2112
13,54 2618
13,56 2618
13,57 3498
13,59 3498
13,60 4246
13,61 4488
13,63 5104
13,64 5104
13,66 5104
13,66 5104
13,70 5104
13,75 5104
13,77 5104
13,78 374
13,79 374
13,81 374
13,82 -1628
13,84 -2134
13,85 -2134
13,87 -2134
13,87 -2134
13,89 -4752
13,90 -5258
13,93 -5764
13,95 -5764
13,96 -5764
13,98 -5764
14,00 -5764
14,01 -5896
14,02 -5016
14,04 -4004
14,06 -3014
14,07 -2640
14,08 -2376
14,09 -2002
14,12 -2002
14,13 -2002
14,15 -2002
14,16 -2002
14,17 -2002
14,19 -2002
14,20 -2002
14,22 -2002
14,24 -2002
14,25 -2002
14,26 -2002
14,30 -2002
14,31 -2002
14,32 -2002
14,33 -2002
14,35 -2002
14,37 -2002
14,39 -2002
14,40 -2002
14,41 -2002
14,46 -2002
14,47 -2002
14,48 -2002
14,50 -2002
14,52 -2002
14,53 -2002
14,55 -2002
17,77 -2002
17,78 -2002
17,79 -2002
17,81 -2002
17,82 -2002
17,83 -2002
17,85 -2002
17,86 -2002
17,88 -2002
17,89 -2002
17,90 -2002
17,92 -2002
17,93 -2002
17,94 -2002
17,95 -2002
17,96 -2002
17,99 -2002
18,01 -2002
18,02 -2002
18,03 -2002
18,05 -2002
18,06 -2002
18,08 -2002
18,09 -2002
18,11 -2002
18,12 -2002
18,12 -2002
18,13 -2002
18,14 -2002
18,15 -2002
18,17 -2002
18,18 -2002
18,21 -2002
18,22 -2002
18,23 -2002
18,24 -2002
18,25 -2002
18,25 -2002
18,28 -2002
18,29 -2002
18,31 -2002
18,37 -2002
18,39 -2002
18,41 -2002
18,43 -2002
18,44 -2002
18,47 -2002
18,49 -2002
18,49 -2002
18,54 -2002
18,55 -2002
18,59 -2002
18,60 -2002
18,62 -2002
18,63 -2002
18,65 -2002
18,65 -2002
18,67 -2002
18,69 -2002
18,70 -2002
18,72 -2002
18,73 -2002
18,74 -2002
18,77 -2002
18,78 -2002
18,79 -2002
18,80 -2002
18,82 -2002
18,83 -2002
18,84 -2002
18,86 -2002
18,87 -2002
18,89 -2002
18,90 -2002
18,91 -2002
18,95 -2002
18,97 -2002
19,01 -2002
19,02 -2002
19,03 -2002
19,05 -2002
19,06 -2002
19,07 -2002
19,08 -2002
19,10 -2002
19,10 -2002
19,12 -2002
19,14 -7260
19,16 -7260
19,18 -7260
19,20 -7260
19,20 -7260
19,22 -7260
19,23 -7260
19,25 -7260
19,26 -7260
19,27 -7260
19,29 -7260
19,30 -7260
19,32 -7260
19,35 -7260
19,36 -7260
19,37 -7260
19,39 -8008
19,40 -7766
19,43 -7392
19,44 -7392
19,45 -7392
19,47 -7392
19,48 -7392
19,49 -7392
19,51 -7392
19,53 -7392
19,54 -8756
19,56 -8514
19,57 -8514
19,58 -8250
19,59 -9262
19,60 -9262
19,62 -9262
19,64 -9262
19,65 -9262
19,67 -9262
19,67 -9262
19,68 -9262
19,71 -7634
19,72 -7634
19,73 -5016
19,77 -5016
19,78 -5016
19,79 -5016
19,81 -5016
19,83 -5016
19,85 -5016
19,90 3872
19,92 3872
19,93 3872
19,95 3872
19,98 3872
19,99 3872
20,01 3872
20,02 3872
20,04 3872
20,05 3872
20,07 3872
20,08 3872
20,09 3872
20,12 3872
20,14 3872
20,17 3872
20,18 3872
20,20 3872
