3,84 0
3,85 0
3,87 4268
3,88 4268
3,89 3806
3,90 3806
3,92 4576
3,95 4576
3,97 4576
3,99 5500
4,01 5500
4,02 4730
4,03 3960
4,03 3960
4,05 3036
4,05 2442
4,09 0
4,10 -1078
4,11 -1848
4,12 -2904
4,17 -2904
4,17 -2904
4,20 -2904
4,21 -2904
4,22 -2904
4,24 -2904
4,25 -2904
4,26 -2904
4,28 -2904
4,29 -2904
4,32 -2904
4,34 -9636
4,36 -8712
4,36 -7964
4,38 -7656
4,41 -7194
4,43 -7194
4,44 -7194
4,46 -7194
4,47 -7194
4,48 -7194
4,49 -7194
4,51 -7194
4,52 -9174
4,54 -7810
4,55 -6270
4,58 -6732
4,61 -7502
4,61 -7502
4,63 -7194
4,64 -6578
4,65 -6116
4,67 -5500
4,68 -4906
4,69 -3674
4,70 -2310
4,71 -924
4,74 3036
4,76 5038
4,77 7018
4,78 7018
4,79 7018
4,81 7018
4,83 7018
4,84 7018
4,85 7018
4,86 7018
4,89 7018
4,90 7018
4,93 7018
4,95 7018
4,96 7018
4,97 7018
4,99 7018
5,00 7018
5,02 7018
5,03 7018
5,04 7018
5,06 7018
5,08 7018
5,09 7018
5,11 7018
5,13 7018
5,15 7018
5,16 7018
5,18 7018
5,19 7018
5,20 7018
5,22 7018
5,24 7018
5,26 7018
5,28 7018
5,30 7018
5,33 7018
5,37 7018
5,40 7018
5,42 7018
5,43 7018
5,44 7018
5,45 7018
5,46 7018
5,48 7018
5,52 7018
5,53 7018
5,54 7018
5,56 7018
5,57 7018
5,58 7018
5,60 7018
5,62 7018
5,63 7018
5,65 7018
5,65 7018
5,68 7018
5,70 7018
5,72 7018
5,76 7018
5,77 7018
5,78 7018
5,79 7018
5,80 7018
5,82 7018
5,83 7018
5,84 7018
5,85 7018
5,86 7018
5,88 7018
5,89 7018
5,93 7018
5,95 7018
5,97 7018
6,00 7018
6,00 7018
6,02 7018
6,03 7018
6,04 7018
6,08 7018
7,37 7018
7,38 -1848
7,40 -1848
7,40 -2002
7,41 -2156
7,42 -2156
7,46 -2156
7,49 -2156
7,50 -2156
7,51 -3366
7,52 -3058
7,53 -2464
7,55 -2002
7,56 -2464
7,57 -2464
7,62 -4290
7,65 -3674
7,66 -3520
7,68 -3520
7,69 -4136
7,71 -3982
7,72 -3982
7,73 -3982
7,75 -2464
7,76 -2156
7,78 -2156
7,79 132
7,80 132
7,83 1826
7,84 3344
7,87 3344
7,88 6710
7,89 8250
7,91 8250
7,92 8250
7,93 8250
7,95 8250
7,96 8250
7,97 8250
7,99 8250
8,03 8250
8,05 8250
8,06 8250
8,07 8250
8,09 8250
8,10 8250
8,11 8250
8,12 8250
8,15 8250
8,17 8250
8,18 8250
8,20 8250
8,21 8250
8,25 8250
8,27 8250
8,28 8250
8,29 8250
8,31 8250
8,32 8250
8,33 8250
8,35 8250
8,37 8250
8,38 8250
8,39 8250
8,41 8250
8,43 8250
8,45 8250
8,46 8250
8,48 8250
8,49 8250
8,50 8250
8,52 8250
8,54 8250
8,55 8250
8,57 8250
8,58 8250
8,59 8250
8,63 8250
8,64 8250
8,65 8250
8,67 8250
8,68 8250
8,70 8250
8,71 8250
8,73 8250
8,74 8250
8,76 8250
8,77 8250
8,79 8250
8,82 8250
8,83 8250
8,85 8250
8,86 8250
8,88 8250
8,89 8250
8,90 8250
8,91 8250
8,93 8250
8,95 8250
8,97 8250
9,00 8250
9,01 8250
9,05 8250
9,06 8250
9,07 8250
9,09 8250
9,10 8250
9,12 8250
9,13 8250
9,14 8250
9,15 8250
9,17 8250
9,18 8250
9,20 8250
9,22 8250
9,24 8250
11,64 1518
11,65 1826
11,67 2134
11,68 2442
11,69 3036
11,70 3960
11,71 4576
11,72 4576
11,73 5632
11,77 7172
11,79 7172
11,81 7172
11,82 7942
11,82 7942
11,84 7480
11,85 6710
11,91 6710
11,93 4730
11,96 3036
11,99 286
12,01 -4598
12,01 -4598
12,02 -8866
12,03 -8866
12,06 -8866
12,08 -8866
12,11 -8866
12,12 -8866
13,31 -3366
13,32 -3058
13,34 -2750
13,35 -2464
13,37 -2750
13,38 -3366
13,39 -3982
13,41 -3982
13,42 -3982
13,43 -3982
13,44 -3828
13,46 -3366
13,47 -3058
13,48 -2750
13,49 -2464
13,53 -924
13,54 -154
13,56 -154
13,57 1672
13,59 1672
13,60 3344
13,61 4422
13,63 5786
13,64 5786
13,66 5786
13,66 5786
13,70 5786
13,75 5786
13,77 5786
13,78 6402
13,79 6402
13,81 6402
13,82 5500
13,84 6402
13,85 6402
13,87 6402
13,87 6402
13,89 6402
13,90 5500
13,93 2750
13,95 2750
13,96 2750
13,98 2750
14,00 2750
14,01 -308
14,02 -1540
14,04 -2750
14,06 -4598
14,07 -6116
14,08 -7964
14,09 -9944
14,12 -9944
14,13 -9944
14,15 -9944
14,16 -9944
14,17 -9944
14,19 -9944
14,20 -9944
14,22 -9944
14,24 -9944
14,25 -9944
14,26 -9944
14,30 -9944
14,31 -9944
14,32 -9944
14,33 -9944
14,35 -9944
14,37 -9944
14,39 -9944
14,40 -9944
14,41 -9944
14,46 -9944
14,47 -9944
14,48 -9944
14,50 -9944
14,52 -9944
14,53 -9944
14,55 -9944
17,77 -9944
17,78 -9944
17,79 -9944
17,81 -9944
17,82 -9944
17,83 -9944
17,85 -9944
17,86 -9944
17,88 -9944
17,89 -9944
17,90 -9944
17,92 -9944
17,93 -9944
17,94 -9944
17,95 -9944
17,96 -9944
17,99 -9944
18,01 -9944
18,02 -9944
18,03 -9944
18,05 -9944
18,06 -9944
18,08 -9944
18,09 -9944
18,11 -9944
18,12 -9944
18,12 -9944
18,13 -9944
18,14 -9944
18,15 -9944
18,17 -9944
18,18 -9944
18,21 -9944
18,22 -9944
18,23 -9944
18,24 -9944
18,25 -9944
18,25 -9944
18,28 -9944
18,29 -9944
18,31 -9944
18,37 -9944
18,39 -9944
18,41 -9944
18,43 -9944
18,44 -9944
18,47 -9944
18,49 -9944
18,49 -9944
18,54 -9944
18,55 -9944
18,59 -9944
18,60 -9944
18,62 -9944
18,63 -9944
18,65 -9944
18,65 -9944
18,67 -9944
18,69 -9944
18,70 -9944
18,72 -9944
18,73 -9944
18,74 -9944
18,77 -9944
18,78 -9944
18,79 -9944
18,80 -9944
18,82 -9944
18,83 -9944
18,84 -9944
18,86 -9944
18,87 -9944
18,89 -9944
18,90 -9944
18,91 -9944
18,95 -9944
18,97 -9944
19,01 -9944
19,02 -9944
19,03 -9944
19,05 -9944
19,06 -9944
19,07 -9944
19,08 -9944
19,10 -9944
19,10 -9944
19,12 -9944
19,14 -10252
19,16 -10252
19,18 -10252
19,20 -10252
19,20 -10252
19,22 -10252
19,23 -10252
19,25 -10252
19,26 -10252
19,27 -10252
19,29 -10252
19,30 -9636
19,32 -9636
19,35 -9636
19,36 -9636
19,37 -9636
19,39 -8558
19,40 -7040
19,43 -6424
19,44 -5808
19,45 -5808
19,47 -5808
19,48 -5808
19,49 -5808
19,51 -5808
19,53 -5808
19,54 -4290
19,56 -3058
19,57 -1694
19,58 -154
19,59 286
19,60 286
19,62 286
19,64 286
19,65 286
19,67 286
19,67 286
19,68 286
19,71 5786
19,72 5786
19,73 6710
19,77 6710
19,78 6710
19,79 6710
19,81 6710
19,83 6710
19,85 6710
19,90 10076
19,92 10076
19,93 10076
19,95 10076
19,98 10076
19,99 10076
20,01 10076
20,02 10076
20,04 10076
20,05 10076
20,07 10076
20,08 10076
20,09 10076
20,12 10076
20,14 10076
20,17 10076
20,18 10076
20,20 10076
