3,84 -5984
3,85 -5940
3,87 -5962
3,88 -5962
3,89 -5918
3,90 -5896
3,92 -5676
3,95 -5632
3,97 -5522
3,99 -5236
4,01 -5082
4,02 -4444
4,03 -5038
4,03 -4906
4,05 -4840
4,05 -4642
4,09 -4092
4,10 -3938
4,11 -3762
4,12 -3652
4,17 -4752
4,17 -2926
4,20 -5038
4,21 -4620
4,22 -4356
4,24 -1430
4,25 -836
4,26 -1144
4,28 -506
4,29 638
4,32 374
4,34 704
4,36 902
4,36 1320
4,38 1320
4,41 1628
4,43 1716
4,44 1650
4,46 1540
4,47 1562
4,48 1496
4,49 1452
4,51 1276
4,52 1188
4,54 1276
4,55 880
4,58 704
4,61 704
4,61 396
4,63 242
4,64 506
4,65 132
4,67 110
4,68 110
4,69 -110
4,70 264
4,71 -88
4,74 -110
4,76 -220
4,77 -220
4,78 -44
4,79 -22
4,81 0
4,83 44
4,84 154
4,85 154
4,86 132
4,89 154
4,90 242
4,93 132
4,95 44
4,96 -66
4,97 -88
4,99 -110
5,00 -154
5,02 -110
5,03 -242
5,04 -264
5,06 -330
5,08 -330
5,09 -264
5,11 -374
5,13 -308
5,15 -242
5,16 -308
5,18 -22
5,19 -176
5,20 -110
5,22 -88
5,24 -22
5,26 242
5,28 330
5,30 374
5,33 528
5,37 616
5,40 550
5,42 594
5,43 550
5,44 726
5,45 638
5,46 462
5,48 462
5,52 330
5,53 374
5,54 374
5,56 308
5,57 418
5,58 440
5,60 462
5,62 616
5,63 704
5,65 572
5,65 572
5,68 572
5,70 594
5,72 484
5,76 -88
5,77 506
5,78 550
5,79 -7876
5,80 -7106
5,82 748
5,83 616
5,84 -8096
5,85 -7832
5,86 -8140
5,88 -8426
5,89 -8514
5,93 -8404
5,95 -9240
5,97 -1650
6,00 -8184
6,00 -8448
6,02 -8030
6,03 -7920
6,04 -7788
6,08 -6930
7,37 -1892
7,38 -1738
7,40 -1738
7,40 -1804
7,41 -1738
7,42 -1606
7,46 -1232
7,49 -1254
7,50 -1254
7,51 -1188
7,52 -1122
7,53 -880
7,55 -858
7,56 -836
7,57 -770
7,62 -418
7,65 -418
7,66 -176
7,68 -132
7,69 -264
7,71 -242
7,72 -176
7,73 -132
7,75 -88
7,76 -22
7,78 154
7,79 -198
7,80 176
7,83 -330
7,84 -352
7,87 -616
7,88 -638
7,89 -550
7,91 -572
7,92 -484
7,93 -550
7,95 -572
7,96 -528
7,97 -616
7,99 -572
8,03 -704
8,05 -814
8,06 -792
8,07 -814
8,09 -792
8,10 -880
8,11 -946
8,12 -858
8,15 -968
8,17 -902
8,18 -858
8,20 -836
8,21 -704
8,25 -682
8,27 -572
8,28 -418
8,29 -264
8,31 -506
8,32 -396
8,33 -418
8,35 -396
8,37 -484
8,38 -550
8,39 -550
8,41 -572
8,43 -550
8,45 -616
8,46 -704
8,48 -638
8,49 -594
8,50 -550
8,52 -506
8,54 -506
8,55 -176
8,57 -308
8,58 -176
8,59 -88
8,63 132
8,64 220
8,65 264
8,67 -154
8,68 242
8,70 44
8,71 616
8,73 -2530
8,74 -1034
8,76 -2398
8,77 -3344
8,79 -4136
8,82 -4246
8,83 -4114
8,85 -550
8,86 -2134
8,88 4532
8,89 19910
8,90 3366
8,91 4730
8,93 7942
8,95 8536
8,97 9548
9,00 10208
9,01 10098
9,05 9394
9,06 8382
9,07 7524
9,09 6754
9,10 5918
9,12 4158
9,13 2904
9,14 1760
9,15 -506
9,17 -1716
9,18 -2772
9,20 -3850
9,22 -7854
9,24 -8646
11,64 2090
11,65 2310
11,67 2200
11,68 2200
11,69 2222
11,70 2266
11,71 2288
11,72 2288
11,73 2288
11,77 2398
11,79 2266
11,81 2310
11,82 2354
11,82 2178
11,84 1672
11,85 1672
11,91 1056
11,93 528
11,96 -198
11,99 -638
12,01 -1210
12,01 -1320
12,02 -1562
12,03 -1694
12,06 -1738
12,08 -1694
12,11 -1606
12,12 -2068
13,31 4004
13,32 4136
13,34 4114
13,35 3982
13,37 4004
13,38 3960
13,39 4004
13,41 4048
13,42 3740
13,43 3718
13,44 3586
13,46 3432
13,47 3344
13,48 3454
13,49 3146
13,53 2288
13,54 2266
13,56 2222
13,57 1650
13,59 1518
13,60 1298
13,61 1342
13,63 1056
13,64 924
13,66 836
13,66 858
13,70 616
13,75 352
13,77 242
13,78 22
13,79 -44
13,81 -176
13,82 -22
13,84 -220
13,85 -330
13,87 -352
13,87 -286
13,89 -220
13,90 -440
13,93 -594
13,95 -704
13,96 -638
13,98 -814
14,00 -638
14,01 -792
14,02 -968
14,04 -924
14,06 -1122
14,07 -1122
14,08 -1144
14,09 -1342
14,12 -1034
14,13 -1078
14,15 -814
14,16 -726
14,17 -5214
14,19 -5610
14,20 -6138
14,22 -6006
14,24 -5852
14,25 -6600
14,26 -6666
14,30 -6204
14,31 -5412
14,32 -5588
14,33 -5390
14,35 -5082
14,37 -4994
14,39 -5016
14,40 -4224
14,41 -4642
14,46 -3982
14,47 -3608
14,48 -3498
14,50 -3212
14,52 -2816
14,53 -3652
14,55 -2750
17,77 -7084
17,78 -7106
17,79 -7018
17,81 -7040
17,82 -6996
17,83 -6996
17,85 -6974
17,86 -6908
17,88 -6754
17,89 -6688
17,90 -6556
17,92 -6490
17,93 -6182
17,94 -6028
17,95 -5808
17,96 -5588
17,99 -5016
18,01 -4862
18,02 -4532
18,03 -4356
18,05 -13288
18,06 -13002
18,08 -3982
18,09 -3916
18,11 -3762
18,12 -11660
18,12 -3542
18,13 -3454
18,14 -3300
18,15 -3212
18,17 -3168
18,18 -2926
18,21 -2706
18,22 -2618
18,23 -2706
18,24 -2574
18,25 -2398
18,25 -2332
18,28 -2134
18,29 -2200
18,31 -2090
18,37 -1958
18,39 -1848
18,41 -1782
18,43 -1694
18,44 -1606
18,47 -1540
18,49 -1540
18,49 -1474
18,54 -1254
18,55 -1210
18,59 -968
18,60 -990
18,62 -946
18,63 -946
18,65 -880
18,65 -902
18,67 -880
18,69 -924
18,70 -880
18,72 -836
18,73 -792
18,74 -770
18,77 -726
18,78 -660
18,79 -660
18,80 -616
18,82 -572
18,83 -638
18,84 -484
18,86 -682
18,87 -704
18,89 -594
18,90 -572
18,91 -682
18,95 -638
18,97 -770
19,01 -792
19,02 -902
19,03 -880
19,05 -902
19,06 -924
19,07 -946
19,08 -1056
19,10 -968
19,10 -858
19,12 -946
19,14 -880
19,16 -968
19,18 -1166
19,20 -946
19,20 -836
19,22 -660
19,23 -374
19,25 -528
19,26 -286
19,27 -396
19,29 -396
19,30 -308
19,32 -286
19,35 -176
19,36 -154
19,37 -176
19,39 -154
19,40 -110
19,43 -132
19,44 -88
19,45 0
19,47 0
19,48 -22
19,49 -5808
19,51 -5434
19,53 220
19,54 132
19,56 220
19,57 66
19,58 88
19,59 154
19,60 330
19,62 -3498
19,64 220
19,65 176
19,67 308
19,67 176
19,68 154
19,71 132
19,72 44
19,73 0
19,77 -176
19,78 -176
19,79 -154
19,81 -198
19,83 -374
19,85 -374
19,90 -726
19,92 -748
19,93 -792
19,95 -682
19,98 -286
19,99 -264
20,01 -484
20,02 -132
20,04 -4488
20,05 -8536
20,07 -8712
20,08 -8272
20,09 -9416
20,12 -9306
20,14 -9196
20,17 -8976
20,18 -8976
20,20 -8624
